    42    37    44    84  1553  1306  1344  2199     1     1     1     1     0   961
  1553  1306  1344  2199  1554  1307  1345  2200     1     1     1     1     0   962
  1554  1307  1345  2200  1555  1308  1346  2201     1     1     1     1     0   963
  1555  1308  1346  2201  1556  1309  1347  2202     1     1     1     1     0   964
  1556  1309  1347  2202  1557  1310  1348  2203     1     1     1     1     0   965
  1557  1310  1348  2203  1558  1311  1349  2204     1     1     1     1     0   966
  1558  1311  1349  2204  1559  1312  1350  2205     1     1     1     1     0   967
  1559  1312  1350  2205  1560  1313  1351  2206     1     1     1     1     0   968
  1560  1313  1351  2206  1561  1314  1352  2207     1     1     1     1     0   969
  1561  1314  1352  2207  1562  1315  1353  2208     1     1     1     1     0   970
  1562  1315  1353  2208  1563  1316  1354  2209     1     1     1     1     0   971
  1563  1316  1354  2209  1564  1317  1355  2210     1     1     1     1     0   972
  1564  1317  1355  2210  1565  1318  1356  2211     1     1     1     1     0   973
  1565  1318  1356  2211  1566  1319  1357  2212     1     1     1     1     0   974
  1566  1319  1357  2212  1567  1320  1358  2213     1     1     1     1     0   975
  1567  1320  1358  2213  1568  1321  1359  2214     1     1     1     1     0   976
  1568  1321  1359  2214  1569  1322  1360  2215     1     1     1     1     0   977
  1569  1322  1360  2215  1570  1323  1361  2216     1     1     1     1     0   978
  1570  1323  1361  2216  1571  1324  1362  2217     1     1     1     1     0   979
  1571  1324  1362  2217  1257  1252  1259  1299     1     1     1     1     0   980
    84    44    45    85  2199  1344  1363  2218     1     1     1     1     0  1081
  2199  1344  1363  2218  2200  1345  1364  2219     1     1     1     1     0  1082
  2200  1345  1364  2219  2201  1346  1365  2220     1     1     1     1     0  1083
  2201  1346  1365  2220  2202  1347  1366  2221     1     1     1     1     0  1084
  2202  1347  1366  2221  2203  1348  1367  2222     1     1     1     1     0  1085
  2203  1348  1367  2222  2204  1349  1368  2223     1     1     1     1     0  1086
  2204  1349  1368  2223  2205  1350  1369  2224     1     1     1     1     0  1087
  2205  1350  1369  2224  2206  1351  1370  2225     1     1     1     1     0  1088
  2206  1351  1370  2225  2207  1352  1371  2226     1     1     1     1     0  1089
  2207  1352  1371  2226  2208  1353  1372  2227     1     1     1     1     0  1090
  2208  1353  1372  2227  2209  1354  1373  2228     1     1     1     1     0  1091
  2209  1354  1373  2228  2210  1355  1374  2229     1     1     1     1     0  1092
  2210  1355  1374  2229  2211  1356  1375  2230     1     1     1     1     0  1093
  2211  1356  1375  2230  2212  1357  1376  2231     1     1     1     1     0  1094
  2212  1357  1376  2231  2213  1358  1377  2232     1     1     1     1     0  1095
  2213  1358  1377  2232  2214  1359  1378  2233     1     1     1     1     0  1096
  2214  1359  1378  2233  2215  1360  1379  2234     1     1     1     1     0  1097
  2215  1360  1379  2234  2216  1361  1380  2235     1     1     1     1     0  1098
  2216  1361  1380  2235  2217  1362  1381  2236     1     1     1     1     0  1099
  2217  1362  1381  2236  1299  1259  1260  1300     1     1     1     1     0  1100
    85    45    46    86  2218  1363  1382  2237     1     1     1     1     0  1201
  2218  1363  1382  2237  2219  1364  1383  2238     1     1     1     1     0  1202
  2219  1364  1383  2238  2220  1365  1384  2239     1     1     1     1     0  1203
  2220  1365  1384  2239  2221  1366  1385  2240     1     1     1     1     0  1204
  2221  1366  1385  2240  2222  1367  1386  2241     1     1     1     1     0  1205
  2222  1367  1386  2241  2223  1368  1387  2242     1     1     1     1     0  1206
  2223  1368  1387  2242  2224  1369  1388  2243     1     1     1     1     0  1207
  2224  1369  1388  2243  2225  1370  1389  2244     1     1     1     1     0  1208
  2225  1370  1389  2244  2226  1371  1390  2245     1     1     1     1     0  1209
  2226  1371  1390  2245  2227  1372  1391  2246     1     1     1     1     0  1210
  2227  1372  1391  2246  2228  1373  1392  2247     1     1     1     1     0  1211
  2228  1373  1392  2247  2229  1374  1393  2248     1     1     1     1     0  1212
  2229  1374  1393  2248  2230  1375  1394  2249     1     1     1     1     0  1213
  2230  1375  1394  2249  2231  1376  1395  2250     1     1     1     1     0  1214
  2231  1376  1395  2250  2232  1377  1396  2251     1     1     1     1     0  1215
  2232  1377  1396  2251  2233  1378  1397  2252     1     1     1     1     0  1216
  2233  1378  1397  2252  2234  1379  1398  2253     1     1     1     1     0  1217
  2234  1379  1398  2253  2235  1380  1399  2254     1     1     1     1     0  1218
  2235  1380  1399  2254  2236  1381  1400  2255     1     1     1     1     0  1219
  2236  1381  1400  2255  1300  1260  1261  1301     1     1     1     1     0  1220
    86    46    47    87  2237  1382  1401  2256     1     1     1     1     0  1321
  2237  1382  1401  2256  2238  1383  1402  2257     1     1     1     1     0  1322
  2238  1383  1402  2257  2239  1384  1403  2258     1     1     1     1     0  1323
  2239  1384  1403  2258  2240  1385  1404  2259     1     1     1     1     0  1324
  2240  1385  1404  2259  2241  1386  1405  2260     1     1     1     1     0  1325
  2241  1386  1405  2260  2242  1387  1406  2261     1     1     1     1     0  1326
  2242  1387  1406  2261  2243  1388  1407  2262     1     1     1     1     0  1327
  2243  1388  1407  2262  2244  1389  1408  2263     1     1     1     1     0  1328
  2244  1389  1408  2263  2245  1390  1409  2264     1     1     1     1     0  1329
  2245  1390  1409  2264  2246  1391  1410  2265     1     1     1     1     0  1330
  2246  1391  1410  2265  2247  1392  1411  2266     1     1     1     1     0  1331
  2247  1392  1411  2266  2248  1393  1412  2267     1     1     1     1     0  1332
  2248  1393  1412  2267  2249  1394  1413  2268     1     1     1     1     0  1333
  2249  1394  1413  2268  2250  1395  1414  2269     1     1     1     1     0  1334
  2250  1395  1414  2269  2251  1396  1415  2270     1     1     1     1     0  1335
  2251  1396  1415  2270  2252  1397  1416  2271     1     1     1     1     0  1336
  2252  1397  1416  2271  2253  1398  1417  2272     1     1     1     1     0  1337
  2253  1398  1417  2272  2254  1399  1418  2273     1     1     1     1     0  1338
  2254  1399  1418  2273  2255  1400  1419  2274     1     1     1     1     0  1339
  2255  1400  1419  2274  1301  1261  1262  1302     1     1     1     1     0  1340
    87    47    48    88  2256  1401  1420  2275     1     1     1     1     0  1441
  2256  1401  1420  2275  2257  1402  1421  2276     1     1     1     1     0  1442
  2257  1402  1421  2276  2258  1403  1422  2277     1     1     1     1     0  1443
  2258  1403  1422  2277  2259  1404  1423  2278     1     1     1     1     0  1444
  2259  1404  1423  2278  2260  1405  1424  2279     1     1     1     1     0  1445
  2260  1405  1424  2279  2261  1406  1425  2280     1     1     1     1     0  1446
  2261  1406  1425  2280  2262  1407  1426  2281     1     1     1     1     0  1447
  2262  1407  1426  2281  2263  1408  1427  2282     1     1     1     1     0  1448
  2263  1408  1427  2282  2264  1409  1428  2283     1     1     1     1     0  1449
  2264  1409  1428  2283  2265  1410  1429  2284     1     1     1     1     0  1450
  2265  1410  1429  2284  2266  1411  1430  2285     1     1     1     1     0  1451
  2266  1411  1430  2285  2267  1412  1431  2286     1     1     1     1     0  1452
  2267  1412  1431  2286  2268  1413  1432  2287     1     1     1     1     0  1453
  2268  1413  1432  2287  2269  1414  1433  2288     1     1     1     1     0  1454
  2269  1414  1433  2288  2270  1415  1434  2289     1     1     1     1     0  1455
  2270  1415  1434  2289  2271  1416  1435  2290     1     1     1     1     0  1456
  2271  1416  1435  2290  2272  1417  1436  2291     1     1     1     1     0  1457
  2272  1417  1436  2291  2273  1418  1437  2292     1     1     1     1     0  1458
  2273  1418  1437  2292  2274  1419  1438  2293     1     1     1     1     0  1459
  2274  1419  1438  2293  1302  1262  1263  1303     1     1     1     1     0  1460
    88    48    49    89  2275  1420  1439  2294     1     1     1     1     0  1561
  2275  1420  1439  2294  2276  1421  1440  2295     1     1     1     1     0  1562
  2276  1421  1440  2295  2277  1422  1441  2296     1     1     1     1     0  1563
  2277  1422  1441  2296  2278  1423  1442  2297     1     1     1     1     0  1564
  2278  1423  1442  2297  2279  1424  1443  2298     1     1     1     1     0  1565
  2279  1424  1443  2298  2280  1425  1444  2299     1     1     1     1     0  1566
  2280  1425  1444  2299  2281  1426  1445  2300     1     1     1     1     0  1567
  2281  1426  1445  2300  2282  1427  1446  2301     1     1     1     1     0  1568
  2282  1427  1446  2301  2283  1428  1447  2302     1     1     1     1     0  1569
  2283  1428  1447  2302  2284  1429  1448  2303     1     1     1     1     0  1570
  2284  1429  1448  2303  2285  1430  1449  2304     1     1     1     1     0  1571
  2285  1430  1449  2304  2286  1431  1450  2305     1     1     1     1     0  1572
  2286  1431  1450  2305  2287  1432  1451  2306     1     1     1     1     0  1573
  2287  1432  1451  2306  2288  1433  1452  2307     1     1     1     1     0  1574
  2288  1433  1452  2307  2289  1434  1453  2308     1     1     1     1     0  1575
  2289  1434  1453  2308  2290  1435  1454  2309     1     1     1     1     0  1576
  2290  1435  1454  2309  2291  1436  1455  2310     1     1     1     1     0  1577
  2291  1436  1455  2310  2292  1437  1456  2311     1     1     1     1     0  1578
  2292  1437  1456  2311  2293  1438  1457  2312     1     1     1     1     0  1579
  2293  1438  1457  2312  1303  1263  1264  1304     1     1     1     1     0  1580
    89    49    50    90  2294  1439  1458  2313     1     1     1     1     0  1681
  2294  1439  1458  2313  2295  1440  1459  2314     1     1     1     1     0  1682
  2295  1440  1459  2314  2296  1441  1460  2315     1     1     1     1     0  1683
  2296  1441  1460  2315  2297  1442  1461  2316     1     1     1     1     0  1684
  2297  1442  1461  2316  2298  1443  1462  2317     1     1     1     1     0  1685
  2298  1443  1462  2317  2299  1444  1463  2318     1     1     1     1     0  1686
  2299  1444  1463  2318  2300  1445  1464  2319     1     1     1     1     0  1687
  2300  1445  1464  2319  2301  1446  1465  2320     1     1     1     1     0  1688
  2301  1446  1465  2320  2302  1447  1466  2321     1     1     1     1     0  1689
  2302  1447  1466  2321  2303  1448  1467  2322     1     1     1     1     0  1690
  2303  1448  1467  2322  2304  1449  1468  2323     1     1     1     1     0  1691
  2304  1449  1468  2323  2305  1450  1469  2324     1     1     1     1     0  1692
  2305  1450  1469  2324  2306  1451  1470  2325     1     1     1     1     0  1693
  2306  1451  1470  2325  2307  1452  1471  2326     1     1     1     1     0  1694
  2307  1452  1471  2326  2308  1453  1472  2327     1     1     1     1     0  1695
  2308  1453  1472  2327  2309  1454  1473  2328     1     1     1     1     0  1696
  2309  1454  1473  2328  2310  1455  1474  2329     1     1     1     1     0  1697
  2310  1455  1474  2329  2311  1456  1475  2330     1     1     1     1     0  1698
  2311  1456  1475  2330  2312  1457  1476  2331     1     1     1     1     0  1699
  2312  1457  1476  2331  1304  1264  1265  1305     1     1     1     1     0  1700
    90    50    43    51  2313  1458  1325  1572     1     1     1     1     0  1801
  2313  1458  1325  1572  2314  1459  1326  1573     1     1     1     1     0  1802
  2314  1459  1326  1573  2315  1460  1327  1574     1     1     1     1     0  1803
  2315  1460  1327  1574  2316  1461  1328  1575     1     1     1     1     0  1804
  2316  1461  1328  1575  2317  1462  1329  1576     1     1     1     1     0  1805
  2317  1462  1329  1576  2318  1463  1330  1577     1     1     1     1     0  1806
  2318  1463  1330  1577  2319  1464  1331  1578     1     1     1     1     0  1807
  2319  1464  1331  1578  2320  1465  1332  1579     1     1     1     1     0  1808
  2320  1465  1332  1579  2321  1466  1333  1580     1     1     1     1     0  1809
  2321  1466  1333  1580  2322  1467  1334  1581     1     1     1     1     0  1810
  2322  1467  1334  1581  2323  1468  1335  1582     1     1     1     1     0  1811
  2323  1468  1335  1582  2324  1469  1336  1583     1     1     1     1     0  1812
  2324  1469  1336  1583  2325  1470  1337  1584     1     1     1     1     0  1813
  2325  1470  1337  1584  2326  1471  1338  1585     1     1     1     1     0  1814
  2326  1471  1338  1585  2327  1472  1339  1586     1     1     1     1     0  1815
  2327  1472  1339  1586  2328  1473  1340  1587     1     1     1     1     0  1816
  2328  1473  1340  1587  2329  1474  1341  1588     1     1     1     1     0  1817
  2329  1474  1341  1588  2330  1475  1342  1589     1     1     1     1     0  1818
  2330  1475  1342  1589  2331  1476  1343  1590     1     1     1     1     0  1819
  2331  1476  1343  1590  1305  1265  1258  1266     1     1     1     1     0  1820
  1257  1252  1259  1299  2351  2334  2363  2507     1     1     1     1     0  1826
  1299  1259  1260  1300  2507  2363  2365  2509     1     1     1     1     0  1832
  1300  1260  1261  1301  2509  2365  2367  2511     1     1     1     1     0  1838
  1301  1261  1262  1302  2511  2367  2369  2513     1     1     1     1     0  1844
  1302  1262  1263  1303  2513  2369  2371  2515     1     1     1     1     0  1850
  1303  1263  1264  1304  2515  2371  2373  2517     1     1     1     1     0  1856
  1304  1264  1265  1305  2517  2373  2375  2519     1     1     1     1     0  1862
  1305  1265  1258  1266  2519  2375  2355  2393     1     1     1     1     0  1868
  2351  2334  2363  2507  2352  2333  2364  2508     1     1     1     1     0  1874
  2507  2363  2365  2509  2508  2364  2366  2510     1     1     1     1     0  1880
  2509  2365  2367  2511  2510  2366  2368  2512     1     1     1     1     0  1886
  2511  2367  2369  2513  2512  2368  2370  2514     1     1     1     1     0  1892
  2513  2369  2371  2515  2514  2370  2372  2516     1     1     1     1     0  1898
  2515  2371  2373  2517  2516  2372  2374  2518     1     1     1     1     0  1904
  2517  2373  2375  2519  2518  2374  2376  2520     1     1     1     1     0  1910
  2519  2375  2355  2393  2520  2376  2354  2394     1     1     1     1     0  1916
  2352  2333  2364  2508  2340  2332  2356  2444     1     1     1     1     0  1922
  2508  2364  2366  2510  2444  2356  2357  2445     1     1     1     1     0  1928
  2510  2366  2368  2512  2445  2357  2358  2446     1     1     1     1     0  1934
  2512  2368  2370  2514  2446  2358  2359  2447     1     1     1     1     0  1940
  2514  2370  2372  2516  2447  2359  2360  2448     1     1     1     1     0  1946
  2516  2372  2374  2518  2448  2360  2361  2449     1     1     1     1     0  1952
  2518  2374  2376  2520  2449  2361  2362  2450     1     1     1     1     0  1958
  2520  2376  2354  2394  2450  2362  2353  2378     1     1     1     1     0  1964
