  2825  2824  2821  2820  2666  2667  2670  2671     1     1     1     1     0  2099
  2822  2821  2824  2823  2669  2670  2667  2668     1     1     1     1     0  2105
  2818  2825  2820  2819  2673  2666  2671  2672     1     1     1     1     0  2111
  2826  2825  2818  2817  2665  2666  2673  2674     1     1     1     1     0  2117
  2769  2826  2817  2770  2776  2665  2674  2775     1     1     1     1     0  2123
  2770  2817  2818  2771  2775  2674  2673  2774     1     1     1     1     0  2129
  2771  2818  2819  2772  2774  2673  2672  2773     1     1     1     1     0  2135
  2752  2772  2819  2741  2747  2773  2672  2746     1     1     1     1     0  2141
  2741  2819  2820  2736  2746  2672  2671  2745     1     1     1     1     0  2147
  2736  2820  2821  2731  2745  2671  2670  2744     1     1     1     1     0  2153
  2731  2821  2822  2726  2744  2670  2669  2743     1     1     1     1     0  2159
  2726  2822  2823  2721  2743  2669  2668  2742     1     1     1     1     0  2165
  2699  2716  2721  2721  2704  2711  2742  2742     1     1     1     1     0  2171
  2699  2721  2823  2698  2704  2742  2668  2703     1     1     1     1     0  2177
  2698  2823  2824  2697  2703  2668  2667  2702     1     1     1     1     0  2183
  2697  2824  2825  2696  2702  2667  2666  2701     1     1     1     1     0  2189
  2696  2825  2826  2695  2701  2666  2665  2700     1     1     1     1     0  2195
  2705  2695  2826  2769  2710  2700  2665  2776     1     1     1     1     0  2201
  3001  3000  2991  3002  2837  2836  2827  2838     1     1     1     1     0  2207
  3003  3002  2991  2992  2839  2838  2827  2828     1     1     1     1     0  2213
  2992  2991  3000  2999  2828  2827  2836  2835     1     1     1     1     0  2219
  3004  3003  2992  2993  2840  2839  2828  2829     1     1     1     1     0  2225
  2998  2993  2992  2999  2834  2829  2828  2835     1     1     1     1     0  2231
  3005  3004  2993  2994  2841  2840  2829  2830     1     1     1     1     0  2237
  2997  2994  2993  2998  2833  2830  2829  2834     1     1     1     1     0  2243
  2996  3005  2994  2997  2832  2841  2830  2833     1     1     1     1     0  2249
  3006  3005  2996  2995  2842  2841  2832  2831     1     1     1     1     0  2255
  2848  3006  2995  2843  2854  2842  2831  2853     1     1     1     1     0  2261
  2855  2843  2995  2913  2860  2853  2831  2926     1     1     1     1     0  2267
  2913  2995  2996  2914  2926  2831  2832  2925     1     1     1     1     0  2273
  2914  2996  2997  2915  2925  2832  2833  2924     1     1     1     1     0  2279
  2915  2997  2998  2916  2924  2833  2834  2923     1     1     1     1     0  2285
  2916  2998  2999  2917  2923  2834  2835  2922     1     1     1     1     0  2291
  2917  2999  3000  2918  2922  2835  2836  2921     1     1     1     1     0  2297
  2918  3000  3001  2919  2921  2836  2837  2920     1     1     1     1     0  2303
  2879  2919  3001  2863  2884  2920  2837  2876     1     1     1     1     0  2309
  2863  3001  3002  2862  2876  2837  2838  2877     1     1     1     1     0  2315
  2862  3002  3003  2861  2877  2838  2839  2878     1     1     1     1     0  2321
  2752  2861  3003  2772  2747  2878  2839  2773     1     1     1     1     0  2327
  2772  3003  3004  2771  2773  2839  2840  2774     1     1     1     1     0  2333
  2771  3004  3005  2770  2774  2840  2841  2775     1     1     1     1     0  2339
  2770  3005  3006  2769  2775  2841  2842  2776     1     1     1     1     0  2345
  2769  3006  2848  2705  2776  2842  2854  2710     1     1     1     1     0  2351
