  5600  5584  5595  5655  5745  5752  5759  5847     1     1     1     1     0  4464
  5745  5752  5759  5847  5744  5753  5770  5902     1     1     1     1     0  4465
  5744  5753  5770  5902  5743  5754  5781  5957     1     1     1     1     0  4466
  5743  5754  5781  5957  5742  5755  5792  6012     1     1     1     1     0  4467
  5742  5755  5792  6012  5741  5756  5803  6067     1     1     1     1     0  4468
  5741  5756  5803  6067  5740  5757  5814  6122     1     1     1     1     0  4469
  5740  5757  5814  6122  5739  5758  5825  6177     1     1     1     1     0  4470
  5739  5758  5825  6177  5746  5751  5846  5710     1     1     1     1     0  4471
  5655  5595  5594  5654  5847  5759  5760  5852     1     1     1     1     0  4512
  5847  5759  5760  5852  5902  5770  5771  5907     1     1     1     1     0  4513
  5902  5770  5771  5907  5957  5781  5782  5962     1     1     1     1     0  4514
  5957  5781  5782  5962  6012  5792  5793  6017     1     1     1     1     0  4515
  6012  5792  5793  6017  6067  5803  5804  6072     1     1     1     1     0  4516
  6067  5803  5804  6072  6122  5814  5815  6127     1     1     1     1     0  4517
  6122  5814  5815  6127  6177  5825  5826  6182     1     1     1     1     0  4518
  6177  5825  5826  6182  5710  5846  5845  5705     1     1     1     1     0  4519
  5654  5594  5593  5653  5852  5760  5761  5857     1     1     1     1     0  4560
  5852  5760  5761  5857  5907  5771  5772  5912     1     1     1     1     0  4561
  5907  5771  5772  5912  5962  5782  5783  5967     1     1     1     1     0  4562
  5962  5782  5783  5967  6017  5793  5794  6022     1     1     1     1     0  4563
  6017  5793  5794  6022  6072  5804  5805  6077     1     1     1     1     0  4564
  6072  5804  5805  6077  6127  5815  5816  6132     1     1     1     1     0  4565
  6127  5815  5816  6132  6182  5826  5827  6187     1     1     1     1     0  4566
  6182  5826  5827  6187  5705  5845  5844  5700     1     1     1     1     0  4567
  5653  5593  5592  5652  5857  5761  5762  5862     1     1     1     1     0  4608
  5857  5761  5762  5862  5912  5772  5773  5917     1     1     1     1     0  4609
  5912  5772  5773  5917  5967  5783  5784  5972     1     1     1     1     0  4610
  5967  5783  5784  5972  6022  5794  5795  6027     1     1     1     1     0  4611
  6022  5794  5795  6027  6077  5805  5806  6082     1     1     1     1     0  4612
  6077  5805  5806  6082  6132  5816  5817  6137     1     1     1     1     0  4613
  6132  5816  5817  6137  6187  5827  5828  6192     1     1     1     1     0  4614
  6187  5827  5828  6192  5700  5844  5843  5695     1     1     1     1     0  4615
  5652  5592  5591  5651  5862  5762  5763  5867     1     1     1     1     0  4656
  5862  5762  5763  5867  5917  5773  5774  5922     1     1     1     1     0  4657
  5917  5773  5774  5922  5972  5784  5785  5977     1     1     1     1     0  4658
  5972  5784  5785  5977  6027  5795  5796  6032     1     1     1     1     0  4659
  6027  5795  5796  6032  6082  5806  5807  6087     1     1     1     1     0  4660
  6082  5806  5807  6087  6137  5817  5818  6142     1     1     1     1     0  4661
  6137  5817  5818  6142  6192  5828  5829  6197     1     1     1     1     0  4662
  6192  5828  5829  6197  5695  5843  5842  5690     1     1     1     1     0  4663
  5651  5591  5590  5650  5867  5763  5764  5872     1     1     1     1     0  4704
  5867  5763  5764  5872  5922  5774  5775  5927     1     1     1     1     0  4705
  5922  5774  5775  5927  5977  5785  5786  5982     1     1     1     1     0  4706
  5977  5785  5786  5982  6032  5796  5797  6037     1     1     1     1     0  4707
  6032  5796  5797  6037  6087  5807  5808  6092     1     1     1     1     0  4708
  6087  5807  5808  6092  6142  5818  5819  6147     1     1     1     1     0  4709
  6142  5818  5819  6147  6197  5829  5830  6202     1     1     1     1     0  4710
  6197  5829  5830  6202  5690  5842  5841  5685     1     1     1     1     0  4711
  5650  5590  5589  5649  5872  5764  5765  5877     1     1     1     1     0  4752
  5872  5764  5765  5877  5927  5775  5776  5932     1     1     1     1     0  4753
  5927  5775  5776  5932  5982  5786  5787  5987     1     1     1     1     0  4754
  5982  5786  5787  5987  6037  5797  5798  6042     1     1     1     1     0  4755
  6037  5797  5798  6042  6092  5808  5809  6097     1     1     1     1     0  4756
  6092  5808  5809  6097  6147  5819  5820  6152     1     1     1     1     0  4757
  6147  5819  5820  6152  6202  5830  5831  6207     1     1     1     1     0  4758
  6202  5830  5831  6207  5685  5841  5840  5680     1     1     1     1     0  4759
  5649  5589  5588  5648  5877  5765  5766  5882     1     1     1     1     0  4800
  5877  5765  5766  5882  5932  5776  5777  5937     1     1     1     1     0  4801
  5932  5776  5777  5937  5987  5787  5788  5992     1     1     1     1     0  4802
  5987  5787  5788  5992  6042  5798  5799  6047     1     1     1     1     0  4803
  6042  5798  5799  6047  6097  5809  5810  6102     1     1     1     1     0  4804
  6097  5809  5810  6102  6152  5820  5821  6157     1     1     1     1     0  4805
  6152  5820  5821  6157  6207  5831  5832  6212     1     1     1     1     0  4806
  6207  5831  5832  6212  5680  5840  5839  5675     1     1     1     1     0  4807
  5648  5588  5587  5647  5882  5766  5767  5887     1     1     1     1     0  4848
  5882  5766  5767  5887  5937  5777  5778  5942     1     1     1     1     0  4849
  5937  5777  5778  5942  5992  5788  5789  5997     1     1     1     1     0  4850
  5992  5788  5789  5997  6047  5799  5800  6052     1     1     1     1     0  4851
  6047  5799  5800  6052  6102  5810  5811  6107     1     1     1     1     0  4852
  6102  5810  5811  6107  6157  5821  5822  6162     1     1     1     1     0  4853
  6157  5821  5822  6162  6212  5832  5833  6217     1     1     1     1     0  4854
  6212  5832  5833  6217  5675  5839  5838  5670     1     1     1     1     0  4855
  5647  5587  5586  5646  5887  5767  5768  5892     1     1     1     1     0  4896
  5887  5767  5768  5892  5942  5778  5779  5947     1     1     1     1     0  4897
  5942  5778  5779  5947  5997  5789  5790  6002     1     1     1     1     0  4898
  5997  5789  5790  6002  6052  5800  5801  6057     1     1     1     1     0  4899
  6052  5800  5801  6057  6107  5811  5812  6112     1     1     1     1     0  4900
  6107  5811  5812  6112  6162  5822  5823  6167     1     1     1     1     0  4901
  6162  5822  5823  6167  6217  5833  5834  6222     1     1     1     1     0  4902
  6217  5833  5834  6222  5670  5838  5837  5665     1     1     1     1     0  4903
  5646  5586  5585  5645  5892  5768  5769  5897     1     1     1     1     0  4944
  5892  5768  5769  5897  5947  5779  5780  5952     1     1     1     1     0  4945
  5947  5779  5780  5952  6002  5790  5791  6007     1     1     1     1     0  4946
  6002  5790  5791  6007  6057  5801  5802  6062     1     1     1     1     0  4947
  6057  5801  5802  6062  6112  5812  5813  6117     1     1     1     1     0  4948
  6112  5812  5813  6117  6167  5823  5824  6172     1     1     1     1     0  4949
  6167  5823  5824  6172  6222  5834  5835  6227     1     1     1     1     0  4950
  6222  5834  5835  6227  5665  5837  5836  5660     1     1     1     1     0  4951
  5645  5585  2332  2340  5897  5769  2356  2444     1     1     1     1     0  4992
  5897  5769  2356  2444  5952  5780  2357  2445     1     1     1     1     0  4993
  5952  5780  2357  2445  6007  5791  2358  2446     1     1     1     1     0  4994
  6007  5791  2358  2446  6062  5802  2359  2447     1     1     1     1     0  4995
  6062  5802  2359  2447  6117  5813  2360  2448     1     1     1     1     0  4996
  6117  5813  2360  2448  6172  5824  2361  2449     1     1     1     1     0  4997
  6172  5824  2361  2449  6227  5835  2362  2450     1     1     1     1     0  4998
  6227  5835  2362  2450  5660  5836  2353  2378     1     1     1     1     0  4999
  5584  5600  6257  6241  5752  5745  6607  6502     1     1     1     1     0  5040
  5752  5745  6607  6502  5753  5744  6608  6503     1     1     1     1     0  5041
  5753  5744  6608  6503  5754  5743  6609  6504     1     1     1     1     0  5042
  5754  5743  6609  6504  5755  5742  6610  6505     1     1     1     1     0  5043
  5755  5742  6610  6505  5756  5741  6611  6506     1     1     1     1     0  5044
  5756  5741  6611  6506  5757  5740  6612  6507     1     1     1     1     0  5045
  5757  5740  6612  6507  5758  5739  6613  6508     1     1     1     1     0  5046
  5758  5739  6613  6508  5751  5746  6387  6363     1     1     1     1     0  5047
  6241  6257  6262  6240  6502  6607  6642  6495     1     1     1     1     0  5048
  6502  6607  6642  6495  6503  6608  6643  6496     1     1     1     1     0  5049
  6503  6608  6643  6496  6504  6609  6644  6497     1     1     1     1     0  5050
  6504  6609  6644  6497  6505  6610  6645  6498     1     1     1     1     0  5051
  6505  6610  6645  6498  6506  6611  6646  6499     1     1     1     1     0  5052
  6506  6611  6646  6499  6507  6612  6647  6500     1     1     1     1     0  5053
  6507  6612  6647  6500  6508  6613  6648  6501     1     1     1     1     0  5054
  6508  6613  6648  6501  6363  6387  6392  6364     1     1     1     1     0  5055
  6240  6262  6267  6239  6495  6642  6677  6488     1     1     1     1     0  5056
  6495  6642  6677  6488  6496  6643  6678  6489     1     1     1     1     0  5057
  6496  6643  6678  6489  6497  6644  6679  6490     1     1     1     1     0  5058
  6497  6644  6679  6490  6498  6645  6680  6491     1     1     1     1     0  5059
  6498  6645  6680  6491  6499  6646  6681  6492     1     1     1     1     0  5060
  6499  6646  6681  6492  6500  6647  6682  6493     1     1     1     1     0  5061
  6500  6647  6682  6493  6501  6648  6683  6494     1     1     1     1     0  5062
  6501  6648  6683  6494  6364  6392  6397  6365     1     1     1     1     0  5063
  6239  6267  6272  6238  6488  6677  6712  6481     1     1     1     1     0  5064
  6488  6677  6712  6481  6489  6678  6713  6482     1     1     1     1     0  5065
  6489  6678  6713  6482  6490  6679  6714  6483     1     1     1     1     0  5066
  6490  6679  6714  6483  6491  6680  6715  6484     1     1     1     1     0  5067
  6491  6680  6715  6484  6492  6681  6716  6485     1     1     1     1     0  5068
  6492  6681  6716  6485  6493  6682  6717  6486     1     1     1     1     0  5069
  6493  6682  6717  6486  6494  6683  6718  6487     1     1     1     1     0  5070
  6494  6683  6718  6487  6365  6397  6402  6366     1     1     1     1     0  5071
  6238  6272  6277  6237  6481  6712  6747  6474     1     1     1     1     0  5072
  6481  6712  6747  6474  6482  6713  6748  6475     1     1     1     1     0  5073
  6482  6713  6748  6475  6483  6714  6749  6476     1     1     1     1     0  5074
  6483  6714  6749  6476  6484  6715  6750  6477     1     1     1     1     0  5075
  6484  6715  6750  6477  6485  6716  6751  6478     1     1     1     1     0  5076
  6485  6716  6751  6478  6486  6717  6752  6479     1     1     1     1     0  5077
  6486  6717  6752  6479  6487  6718  6753  6480     1     1     1     1     0  5078
  6487  6718  6753  6480  6366  6402  6407  6367     1     1     1     1     0  5079
  6237  6277  6282  6236  6474  6747  6782  6467     1     1     1     1     0  5080
  6474  6747  6782  6467  6475  6748  6783  6468     1     1     1     1     0  5081
  6475  6748  6783  6468  6476  6749  6784  6469     1     1     1     1     0  5082
  6476  6749  6784  6469  6477  6750  6785  6470     1     1     1     1     0  5083
  6477  6750  6785  6470  6478  6751  6786  6471     1     1     1     1     0  5084
  6478  6751  6786  6471  6479  6752  6787  6472     1     1     1     1     0  5085
  6479  6752  6787  6472  6480  6753  6788  6473     1     1     1     1     0  5086
  6480  6753  6788  6473  6367  6407  6412  6368     1     1     1     1     0  5087
  6236  6282  6287  6235  6467  6782  6817  6460     1     1     1     1     0  5088
  6467  6782  6817  6460  6468  6783  6818  6461     1     1     1     1     0  5089
  6468  6783  6818  6461  6469  6784  6819  6462     1     1     1     1     0  5090
  6469  6784  6819  6462  6470  6785  6820  6463     1     1     1     1     0  5091
  6470  6785  6820  6463  6471  6786  6821  6464     1     1     1     1     0  5092
  6471  6786  6821  6464  6472  6787  6822  6465     1     1     1     1     0  5093
  6472  6787  6822  6465  6473  6788  6823  6466     1     1     1     1     0  5094
  6473  6788  6823  6466  6368  6412  6417  6369     1     1     1     1     0  5095
  6235  6287  6292  6234  6460  6817  6852  6453     1     1     1     1     0  5096
  6460  6817  6852  6453  6461  6818  6853  6454     1     1     1     1     0  5097
  6461  6818  6853  6454  6462  6819  6854  6455     1     1     1     1     0  5098
  6462  6819  6854  6455  6463  6820  6855  6456     1     1     1     1     0  5099
  6463  6820  6855  6456  6464  6821  6856  6457     1     1     1     1     0  5100
  6464  6821  6856  6457  6465  6822  6857  6458     1     1     1     1     0  5101
  6465  6822  6857  6458  6466  6823  6858  6459     1     1     1     1     0  5102
  6466  6823  6858  6459  6369  6417  6422  6370     1     1     1     1     0  5103
  6234  6292  6297  6233  6453  6852  6887  6446     1     1     1     1     0  5104
  6453  6852  6887  6446  6454  6853  6888  6447     1     1     1     1     0  5105
  6454  6853  6888  6447  6455  6854  6889  6448     1     1     1     1     0  5106
  6455  6854  6889  6448  6456  6855  6890  6449     1     1     1     1     0  5107
  6456  6855  6890  6449  6457  6856  6891  6450     1     1     1     1     0  5108
  6457  6856  6891  6450  6458  6857  6892  6451     1     1     1     1     0  5109
  6458  6857  6892  6451  6459  6858  6893  6452     1     1     1     1     0  5110
  6459  6858  6893  6452  6370  6422  6427  6371     1     1     1     1     0  5111
  6233  6297  6247  6232  6446  6887  6537  6432     1     1     1     1     0  5112
  6446  6887  6537  6432  6447  6888  6538  6433     1     1     1     1     0  5113
  6447  6888  6538  6433  6448  6889  6539  6434     1     1     1     1     0  5114
  6448  6889  6539  6434  6449  6890  6540  6435     1     1     1     1     0  5115
  6449  6890  6540  6435  6450  6891  6541  6436     1     1     1     1     0  5116
  6450  6891  6541  6436  6451  6892  6542  6437     1     1     1     1     0  5117
  6451  6892  6542  6437  6452  6893  6543  6438     1     1     1     1     0  5118
  6452  6893  6543  6438  6371  6427  6373  6362     1     1     1     1     0  5119
  6232  6247 13779 13683  6432  6537 14049 13757     1     1     1     1     0 10766
  6432  6537 14049 13757  6433  6538 14050 13758     1     1     1     1     0 10767
  6433  6538 14050 13758  6434  6539 14051 13759     1     1     1     1     0 10768
  6434  6539 14051 13759  6435  6540 14052 13760     1     1     1     1     0 10769
  6435  6540 14052 13760  6436  6541 14053 13761     1     1     1     1     0 10770
  6436  6541 14053 13761  6437  6542 14054 13762     1     1     1     1     0 10771
  6437  6542 14054 13762  6438  6543 14055 13763     1     1     1     1     0 10772
  6438  6543 14055 13763  6362  6373 13899 13693     1     1     1     1     0 10773
 13683 13779 13784 13682 13757 14049 14084 13750     1     1     1     1     0 10774
 13757 14049 14084 13750 13758 14050 14085 13751     1     1     1     1     0 10775
 13758 14050 14085 13751 13759 14051 14086 13752     1     1     1     1     0 10776
 13759 14051 14086 13752 13760 14052 14087 13753     1     1     1     1     0 10777
 13760 14052 14087 13753 13761 14053 14088 13754     1     1     1     1     0 10778
 13761 14053 14088 13754 13762 14054 14089 13755     1     1     1     1     0 10779
 13762 14054 14089 13755 13763 14055 14090 13756     1     1     1     1     0 10780
 13763 14055 14090 13756 13693 13899 13904 13692     1     1     1     1     0 10781
 13682 13784 13789 13681 13750 14084 14119 13743     1     1     1     1     0 10782
 13750 14084 14119 13743 13751 14085 14120 13744     1     1     1     1     0 10783
 13751 14085 14120 13744 13752 14086 14121 13745     1     1     1     1     0 10784
 13752 14086 14121 13745 13753 14087 14122 13746     1     1     1     1     0 10785
 13753 14087 14122 13746 13754 14088 14123 13747     1     1     1     1     0 10786
 13754 14088 14123 13747 13755 14089 14124 13748     1     1     1     1     0 10787
 13755 14089 14124 13748 13756 14090 14125 13749     1     1     1     1     0 10788
 13756 14090 14125 13749 13692 13904 13909 13691     1     1     1     1     0 10789
 13681 13789 13794 13680 13743 14119 14154 13736     1     1     1     1     0 10790
 13743 14119 14154 13736 13744 14120 14155 13737     1     1     1     1     0 10791
 13744 14120 14155 13737 13745 14121 14156 13738     1     1     1     1     0 10792
 13745 14121 14156 13738 13746 14122 14157 13739     1     1     1     1     0 10793
 13746 14122 14157 13739 13747 14123 14158 13740     1     1     1     1     0 10794
 13747 14123 14158 13740 13748 14124 14159 13741     1     1     1     1     0 10795
 13748 14124 14159 13741 13749 14125 14160 13742     1     1     1     1     0 10796
 13749 14125 14160 13742 13691 13909 13914 13690     1     1     1     1     0 10797
 13680 13794 13799 13679 13736 14154 14189 13729     1     1     1     1     0 10798
 13736 14154 14189 13729 13737 14155 14190 13730     1     1     1     1     0 10799
 13737 14155 14190 13730 13738 14156 14191 13731     1     1     1     1     0 10800
 13738 14156 14191 13731 13739 14157 14192 13732     1     1     1     1     0 10801
 13739 14157 14192 13732 13740 14158 14193 13733     1     1     1     1     0 10802
 13740 14158 14193 13733 13741 14159 14194 13734     1     1     1     1     0 10803
 13741 14159 14194 13734 13742 14160 14195 13735     1     1     1     1     0 10804
 13742 14160 14195 13735 13690 13914 13919 13689     1     1     1     1     0 10805
 13679 13799 13804 13678 13729 14189 14224 13722     1     1     1     1     0 10806
 13729 14189 14224 13722 13730 14190 14225 13723     1     1     1     1     0 10807
 13730 14190 14225 13723 13731 14191 14226 13724     1     1     1     1     0 10808
 13731 14191 14226 13724 13732 14192 14227 13725     1     1     1     1     0 10809
 13732 14192 14227 13725 13733 14193 14228 13726     1     1     1     1     0 10810
 13733 14193 14228 13726 13734 14194 14229 13727     1     1     1     1     0 10811
 13734 14194 14229 13727 13735 14195 14230 13728     1     1     1     1     0 10812
 13735 14195 14230 13728 13689 13919 13924 13688     1     1     1     1     0 10813
 13678 13804 13809 13677 13722 14224 14259 13715     1     1     1     1     0 10814
 13722 14224 14259 13715 13723 14225 14260 13716     1     1     1     1     0 10815
 13723 14225 14260 13716 13724 14226 14261 13717     1     1     1     1     0 10816
 13724 14226 14261 13717 13725 14227 14262 13718     1     1     1     1     0 10817
 13725 14227 14262 13718 13726 14228 14263 13719     1     1     1     1     0 10818
 13726 14228 14263 13719 13727 14229 14264 13720     1     1     1     1     0 10819
 13727 14229 14264 13720 13728 14230 14265 13721     1     1     1     1     0 10820
 13728 14230 14265 13721 13688 13924 13929 13687     1     1     1     1     0 10821
 13677 13809 13814 13676 13715 14259 14294 13708     1     1     1     1     0 10822
 13715 14259 14294 13708 13716 14260 14295 13709     1     1     1     1     0 10823
 13716 14260 14295 13709 13717 14261 14296 13710     1     1     1     1     0 10824
 13717 14261 14296 13710 13718 14262 14297 13711     1     1     1     1     0 10825
 13718 14262 14297 13711 13719 14263 14298 13712     1     1     1     1     0 10826
 13719 14263 14298 13712 13720 14264 14299 13713     1     1     1     1     0 10827
 13720 14264 14299 13713 13721 14265 14300 13714     1     1     1     1     0 10828
 13721 14265 14300 13714 13687 13929 13934 13686     1     1     1     1     0 10829
 13676 13814 13819 13675 13708 14294 14329 13701     1     1     1     1     0 10830
 13708 14294 14329 13701 13709 14295 14330 13702     1     1     1     1     0 10831
 13709 14295 14330 13702 13710 14296 14331 13703     1     1     1     1     0 10832
 13710 14296 14331 13703 13711 14297 14332 13704     1     1     1     1     0 10833
 13711 14297 14332 13704 13712 14298 14333 13705     1     1     1     1     0 10834
 13712 14298 14333 13705 13713 14299 14334 13706     1     1     1     1     0 10835
 13713 14299 14334 13706 13714 14300 14335 13707     1     1     1     1     0 10836
 13714 14300 14335 13707 13686 13934 13939 13685     1     1     1     1     0 10837
 13675 13819 13765 13674 13701 14329 13951 13694     1     1     1     1     0 10838
 13701 14329 13951 13694 13702 14330 13952 13695     1     1     1     1     0 10839
 13702 14330 13952 13695 13703 14331 13953 13696     1     1     1     1     0 10840
 13703 14331 13953 13696 13704 14332 13954 13697     1     1     1     1     0 10841
 13704 14332 13954 13697 13705 14333 13955 13698     1     1     1     1     0 10842
 13705 14333 13955 13698 13706 14334 13956 13699     1     1     1     1     0 10843
 13706 14334 13956 13699 13707 14335 13957 13700     1     1     1     1     0 10844
 13707 14335 13957 13700 13685 13939 13885 13684     1     1     1     1     0 10845
