 54096 54095 59024 59025 54621 54620 59632 59641     1     1     1     1     0 52886
 59025 59024 59094 59095 59641 59632 59556 59555     1     1     1     1     0 52892
 59027 59028 59026 59026 59623 59627 59629 59629     1     1     1     1     0 52898
 59028 59027 59029 59030 59627 59623 59625 59626     1     1     1     1     0 52904
 59029 59027 59031 59032 59625 59623 59624 59628     1     1     1     1     0 52910
 59031 59027 59026 59033 59624 59623 59629 59630     1     1     1     1     0 52916
 59032 59031 59033 59034 59628 59624 59630 59631     1     1     1     1     0 52922
 59029 59032 59035 59036 59625 59628 59652 59650     1     1     1     1     0 52928
 59030 59029 59036 59037 59626 59625 59650 59648     1     1     1     1     0 52934
 59038 59039 59040 59041 59649 59643 59645 59647     1     1     1     1     0 52940
 59039 59038 59042 59043 59643 59649 59651 59644     1     1     1     1     0 52946
 59044 59043 59042 59045 59646 59644 59651 59653     1     1     1     1     0 52952
 59037 59044 59045 59046 59648 59646 59653 59654     1     1     1     1     0 52958
 59030 59037 59046 59047 59626 59648 59654 59655     1     1     1     1     0 52964
 59028 59030 59047 59048 59627 59626 59655 59656     1     1     1     1     0 52970
 59026 59028 59048 59049 59629 59627 59656 59657     1     1     1     1     0 52976
 59035 59032 59050 59051 59652 59628 59659 59660     1     1     1     1     0 52982
 59032 59034 59052 59050 59628 59631 59658 59659     1     1     1     1     0 52988
 59033 59026 59049 59053 59630 59629 59657 59661     1     1     1     1     0 52994
 59034 59033 59053 59054 59631 59630 59661 59662     1     1     1     1     0 53000
 59052 59034 59054 59055 59658 59631 59662 59663     1     1     1     1     0 53006
 59024 54095 54094 59056 59632 54620 54619 59633     1     1     1     1     0 53012
 59024 59056 59093 59094 59632 59633 59557 59556     1     1     1     1     0 53018
 59056 54094 54093 59057 59633 54619 54618 59634     1     1     1     1     0 53024
 59056 59057 59092 59093 59633 59634 59558 59557     1     1     1     1     0 53030
 59092 59057 59058 59091 59558 59634 59635 59559     1     1     1     1     0 53036
 59058 59057 54093 54092 59635 59634 54618 54617     1     1     1     1     0 53042
 59091 59058 59059 59090 59559 59635 59636 59560     1     1     1     1     0 53048
 59059 59058 54092 54091 59636 59635 54617 54616     1     1     1     1     0 53054
 59090 59059 59060 59089 59560 59636 59637 59561     1     1     1     1     0 53060
 59060 59059 54091 54090 59637 59636 54616 54615     1     1     1     1     0 53066
 59089 59060 59061 59088 59561 59637 59638 59562     1     1     1     1     0 53072
 59061 59060 54090 54089 59638 59637 54615 54614     1     1     1     1     0 53078
 59088 59061 59062 59087 59562 59638 59639 59563     1     1     1     1     0 53084
 59062 59061 54089 54088 59639 59638 54614 54613     1     1     1     1     0 53090
 59087 59062 59063 59086 59563 59639 59640 59564     1     1     1     1     0 53096
 59063 59064 59085 59086 59640 59642 59565 59564     1     1     1     1     0 53102
 59063 59062 54088 54087 59640 59639 54613 54612     1     1     1     1     0 53108
 59064 59040 59084 59085 59642 59645 59566 59565     1     1     1     1     0 53114
 59064 59063 54087 54086 59642 59640 54612 54611     1     1     1     1     0 53120
 59040 59039 59083 59084 59645 59643 59567 59566     1     1     1     1     0 53126
 54096 59025 59070 54098 54621 59641 59471 54649     1     1     1     1     0 53132
 59025 59095 59076 59070 59641 59555 59474 59471     1     1     1     1     0 53138
 59040 59064 54086 54085 59645 59642 54611 54610     1     1     1     1     0 53144
 59039 59043 59082 59083 59643 59644 59568 59567     1     1     1     1     0 53150
 59043 59044 59081 59082 59644 59646 59569 59568     1     1     1     1     0 53156
 59041 59040 54085 54084 59647 59645 54610 54609     1     1     1     1     0 53162
 59044 59037 59080 59081 59646 59648 59570 59569     1     1     1     1     0 53168
 59038 59041 54084 54083 59649 59647 54609 54608     1     1     1     1     0 53174
 59037 59036 59079 59080 59648 59650 59571 59570     1     1     1     1     0 53180
 59042 59038 54083 54082 59651 59649 54608 54607     1     1     1     1     0 53186
 59036 59035 59078 59079 59650 59652 59572 59571     1     1     1     1     0 53192
 59045 59042 54082 54081 59653 59651 54607 54606     1     1     1     1     0 53198
 59035 59051 59077 59078 59652 59660 59573 59572     1     1     1     1     0 53204
 59046 59045 54081 54080 59654 59653 54606 54605     1     1     1     1     0 53210
 59047 59046 54080 54079 59655 59654 54605 54604     1     1     1     1     0 53216
 59048 59047 54079 54078 59656 59655 54604 54603     1     1     1     1     0 53222
 59049 59048 54078 54077 59657 59656 54603 54602     1     1     1     1     0 53228
 59053 59049 54077 54076 59661 59657 54602 54601     1     1     1     1     0 53234
 59052 59055 59220 59219 59658 59663 59618 59613     1     1     1     1     0 53240
 59050 59052 59219 59218 59659 59658 59613 59608     1     1     1     1     0 53246
 59051 59050 59218 59217 59660 59659 59608 59603     1     1     1     1     0 53252
 59077 59051 59217 59096 59573 59660 59603 59594     1     1     1     1     0 53258
 59054 59053 54076 54075 59662 59661 54601 54600     1     1     1     1     0 53264
 59055 59054 54075 54074 59663 59662 54600 54599     1     1     1     1     0 53270
 59220 59055 54074 54100 59618 59663 54599 54505     1     1     1     1     0 53276
 59096 61196 61160 59077 59594 61563 61569 59573     1     1     1     1     0 54780
 59077 61160 61161 59078 59573 61569 61574 59572     1     1     1     1     0 54786
 59078 61161 61162 59079 59572 61574 61579 59571     1     1     1     1     0 54792
 59079 61162 61163 59080 59571 61579 61584 59570     1     1     1     1     0 54798
 59080 61163 61164 59081 59570 61584 61589 59569     1     1     1     1     0 54804
 59081 61164 61165 59082 59569 61589 61594 59568     1     1     1     1     0 54810
 59082 61165 61166 59083 59568 61594 61599 59567     1     1     1     1     0 54816
 59083 61166 61167 59084 59567 61599 61604 59566     1     1     1     1     0 54822
 59084 61167 61168 59085 59566 61604 61609 59565     1     1     1     1     0 54828
 59085 61168 61169 59086 59565 61609 61614 59564     1     1     1     1     0 54834
 59086 61169 61170 59087 59564 61614 61619 59563     1     1     1     1     0 54840
 59087 61170 61171 59088 59563 61619 61624 59562     1     1     1     1     0 54846
 59088 61171 61172 59089 59562 61624 61629 59561     1     1     1     1     0 54852
 59089 61172 61173 59090 59561 61629 61634 59560     1     1     1     1     0 54858
 59090 61173 61174 59091 59560 61634 61639 59559     1     1     1     1     0 54864
 59091 61174 61175 59092 59559 61639 61644 59558     1     1     1     1     0 54870
 59092 61175 61176 59093 59558 61644 61649 59557     1     1     1     1     0 54876
 59093 61176 61177 59094 59557 61649 61654 59556     1     1     1     1     0 54882
 59094 61177 61178 59095 59556 61654 61659 59555     1     1     1     1     0 54888
 59095 61178 61184 59076 59555 61659 61431 59474     1     1     1     1     0 54894
 61196 61202 61203 61160 61563 61558 61537 61569     1     1     1     1     0 54900
 61160 61203 61204 61161 61569 61537 61536 61574     1     1     1     1     0 54906
 61161 61204 61205 61162 61574 61536 61535 61579     1     1     1     1     0 54912
 61162 61205 61206 61163 61579 61535 61534 61584     1     1     1     1     0 54918
 61163 61206 61207 61164 61584 61534 61533 61589     1     1     1     1     0 54924
 61164 61207 61208 61165 61589 61533 61532 61594     1     1     1     1     0 54930
 61165 61208 61209 61166 61594 61532 61531 61599     1     1     1     1     0 54936
 61166 61209 61210 61167 61599 61531 61530 61604     1     1     1     1     0 54942
 61167 61210 61211 61168 61604 61530 61529 61609     1     1     1     1     0 54948
 61168 61211 61212 61169 61609 61529 61528 61614     1     1     1     1     0 54954
 61169 61212 61213 61170 61614 61528 61527 61619     1     1     1     1     0 54960
 61170 61213 61214 61171 61619 61527 61526 61624     1     1     1     1     0 54966
 61171 61214 61215 61172 61624 61526 61525 61629     1     1     1     1     0 54972
 61172 61215 61216 61173 61629 61525 61524 61634     1     1     1     1     0 54978
 61173 61216 61217 61174 61634 61524 61523 61639     1     1     1     1     0 54984
 61174 61217 61218 61175 61639 61523 61522 61644     1     1     1     1     0 54990
 61175 61218 61219 61176 61644 61522 61521 61649     1     1     1     1     0 54996
 61176 61219 61220 61177 61649 61521 61520 61654     1     1     1     1     0 55002
 61177 61220 61221 61178 61654 61520 61519 61659     1     1     1     1     0 55008
 61178 61221 61190 61184 61659 61519 61438 61431     1     1     1     1     0 55014
