 36739 36807 36849 37119 36806 36812 36878 36734     1     1     1     1     0 31186
 37119 36849 36850 37120 36734 36878 36877 36733     1     1     1     1     0 31192
 37120 36850 36851 37121 36733 36877 36876 36732     1     1     1     1     0 31198
 37121 36851 36852 37122 36732 36876 36875 36731     1     1     1     1     0 31204
 37122 36852 36853 37123 36731 36875 36874 36730     1     1     1     1     0 31210
 36744 36739 37119 37124 36805 36806 36734 36729     1     1     1     1     0 31222
 37124 37119 37120 37125 36729 36734 36733 36728     1     1     1     1     0 31228
 37125 37120 37121 37126 36728 36733 36732 36727     1     1     1     1     0 31234
 37126 37121 37122 37127 36727 36732 36731 36726     1     1     1     1     0 31240
 37127 37122 37123 37128 36726 36731 36730 36725     1     1     1     1     0 31246
 36749 36744 37124 37129 36804 36805 36729 36724     1     1     1     1     0 31258
 37129 37124 37125 37130 36724 36729 36728 36723     1     1     1     1     0 31264
 37130 37125 37126 37131 36723 36728 36727 36722     1     1     1     1     0 31270
 37131 37126 37127 37132 36722 36727 36726 36721     1     1     1     1     0 31276
 37132 37127 37128 37133 36721 36726 36725 36720     1     1     1     1     0 31282
 36754 36749 37129 37134 36803 36804 36724 36719     1     1     1     1     0 31294
 37134 37129 37130 37135 36719 36724 36723 36718     1     1     1     1     0 31300
 37135 37130 37131 37136 36718 36723 36722 36717     1     1     1     1     0 31306
 37136 37131 37132 37137 36717 36722 36721 36716     1     1     1     1     0 31312
 37137 37132 37133 37138 36716 36721 36720 36715     1     1     1     1     0 31318
 36759 36754 37134 37139 36802 36803 36719 36714     1     1     1     1     0 31330
 37139 37134 37135 37140 36714 36719 36718 36713     1     1     1     1     0 31336
 37140 37135 37136 37141 36713 36718 36717 36712     1     1     1     1     0 31342
 37141 37136 37137 37142 36712 36717 36716 36711     1     1     1     1     0 31348
 37142 37137 37138 37143 36711 36716 36715 36710     1     1     1     1     0 31354
 36764 36759 37139 37144 36801 36802 36714 36709     1     1     1     1     0 31366
 37144 37139 37140 37145 36709 36714 36713 36708     1     1     1     1     0 31372
 37145 37140 37141 37146 36708 36713 36712 36707     1     1     1     1     0 31378
 37146 37141 37142 37147 36707 36712 36711 36706     1     1     1     1     0 31384
 37147 37142 37143 37148 36706 36711 36710 36705     1     1     1     1     0 31390
 36769 36764 37144 37149 36800 36801 36709 36704     1     1     1     1     0 31402
 37149 37144 37145 37150 36704 36709 36708 36703     1     1     1     1     0 31408
 37150 37145 37146 37151 36703 36708 36707 36702     1     1     1     1     0 31414
 37151 37146 37147 37152 36702 36707 36706 36701     1     1     1     1     0 31420
 37152 37147 37148 37153 36701 36706 36705 36700     1     1     1     1     0 31426
 36774 36769 37149 37154 36799 36800 36704 36699     1     1     1     1     0 31438
 37154 37149 37150 37155 36699 36704 36703 36698     1     1     1     1     0 31444
 37155 37150 37151 37156 36698 36703 36702 36697     1     1     1     1     0 31450
 37156 37151 37152 37157 36697 36702 36701 36696     1     1     1     1     0 31456
 37157 37152 37153 37158 36696 36701 36700 36695     1     1     1     1     0 31462
 36779 36774 37154 37159 36798 36799 36699 36694     1     1     1     1     0 31474
 37159 37154 37155 37160 36694 36699 36698 36693     1     1     1     1     0 31480
 37160 37155 37156 37161 36693 36698 36697 36692     1     1     1     1     0 31486
 37161 37156 37157 37162 36692 36697 36696 36691     1     1     1     1     0 31492
 37162 37157 37158 37163 36691 36696 36695 36690     1     1     1     1     0 31498
 36784 36779 37159 37164 36797 36798 36694 36689     1     1     1     1     0 31510
 37164 37159 37160 37165 36689 36694 36693 36688     1     1     1     1     0 31516
 37165 37160 37161 37166 36688 36693 36692 36687     1     1     1     1     0 31522
 37166 37161 37162 37167 36687 36692 36691 36686     1     1     1     1     0 31528
 37167 37162 37163 37168 36686 36691 36690 36685     1     1     1     1     0 31534
 36789 36784 37164 37169 36796 36797 36689 36684     1     1     1     1     0 31546
 37169 37164 37165 37170 36684 36689 36688 36683     1     1     1     1     0 31552
 37170 37165 37166 37171 36683 36688 36687 36682     1     1     1     1     0 31558
 37171 37166 37167 37172 36682 36687 36686 36681     1     1     1     1     0 31564
 37172 37167 37168 37173 36681 36686 36685 36680     1     1     1     1     0 31570
 36794 36789 37169 37174 36795 36796 36684 36679     1     1     1     1     0 31582
 37174 37169 37170 37175 36679 36684 36683 36678     1     1     1     1     0 31588
 37175 37170 37171 37176 36678 36683 36682 36677     1     1     1     1     0 31594
 37176 37171 37172 37177 36677 36682 36681 36676     1     1     1     1     0 31600
 37177 37172 37173 37178 36676 36681 36680 36675     1     1     1     1     0 31606
 36813 36794 37174 36823 36818 36795 36679 36848     1     1     1     1     0 31618
 36823 37174 37175 36822 36848 36679 36678 36847     1     1     1     1     0 31624
 36822 37175 37176 36821 36847 36678 36677 36846     1     1     1     1     0 31630
 36821 37176 37177 36820 36846 36677 36676 36845     1     1     1     1     0 31636
 36820 37177 37178 36819 36845 36676 36675 36844     1     1     1     1     0 31642
 40298 40725 40670 40297 40333 40164 40219 40332     1     1     1     1     0 34444
 40297 40670 40671 40296 40332 40219 40218 40331     1     1     1     1     0 34450
 40296 40671 40672 40295 40331 40218 40217 40330     1     1     1     1     0 34456
 40295 40672 40673 40294 40330 40217 40216 40329     1     1     1     1     0 34462
 40294 40673 40674 40293 40329 40216 40215 40328     1     1     1     1     0 34468
 40293 40674 40753 40292 40328 40215 40136 40327     1     1     1     1     0 34474
 40725 40726 40675 40670 40164 40163 40214 40219     1     1     1     1     0 34480
 40670 40675 40676 40671 40219 40214 40213 40218     1     1     1     1     0 34486
 40671 40676 40677 40672 40218 40213 40212 40217     1     1     1     1     0 34492
 40672 40677 40678 40673 40217 40212 40211 40216     1     1     1     1     0 34498
 40673 40678 40679 40674 40216 40211 40210 40215     1     1     1     1     0 34504
 40674 40679 40752 40753 40215 40210 40137 40136     1     1     1     1     0 34510
 40726 40727 40680 40675 40163 40162 40209 40214     1     1     1     1     0 34516
 40675 40680 40681 40676 40214 40209 40208 40213     1     1     1     1     0 34522
 40676 40681 40682 40677 40213 40208 40207 40212     1     1     1     1     0 34528
 40677 40682 40683 40678 40212 40207 40206 40211     1     1     1     1     0 34534
 40678 40683 40684 40679 40211 40206 40205 40210     1     1     1     1     0 34540
 40679 40684 40751 40752 40210 40205 40138 40137     1     1     1     1     0 34546
 40727 40728 40685 40680 40162 40161 40204 40209     1     1     1     1     0 34552
 40680 40685 40686 40681 40209 40204 40203 40208     1     1     1     1     0 34558
 40681 40686 40687 40682 40208 40203 40202 40207     1     1     1     1     0 34564
 40682 40687 40688 40683 40207 40202 40201 40206     1     1     1     1     0 34570
 40683 40688 40689 40684 40206 40201 40200 40205     1     1     1     1     0 34576
 40684 40689 40750 40751 40205 40200 40139 40138     1     1     1     1     0 34582
 40728 40729 40690 40685 40161 40160 40199 40204     1     1     1     1     0 34588
 40685 40690 40691 40686 40204 40199 40198 40203     1     1     1     1     0 34594
 40686 40691 40692 40687 40203 40198 40197 40202     1     1     1     1     0 34600
 40687 40692 40693 40688 40202 40197 40196 40201     1     1     1     1     0 34606
 40688 40693 40694 40689 40201 40196 40195 40200     1     1     1     1     0 34612
 40689 40694 40749 40750 40200 40195 40140 40139     1     1     1     1     0 34618
 40729 40730 40695 40690 40160 40159 40194 40199     1     1     1     1     0 34624
 40690 40695 40696 40691 40199 40194 40193 40198     1     1     1     1     0 34630
 40691 40696 40697 40692 40198 40193 40192 40197     1     1     1     1     0 34636
 40692 40697 40698 40693 40197 40192 40191 40196     1     1     1     1     0 34642
 40693 40698 40699 40694 40196 40191 40190 40195     1     1     1     1     0 34648
 40694 40699 40748 40749 40195 40190 40141 40140     1     1     1     1     0 34654
 40730 40731 40700 40695 40159 40158 40189 40194     1     1     1     1     0 34660
 40695 40700 40701 40696 40194 40189 40188 40193     1     1     1     1     0 34666
 40696 40701 40702 40697 40193 40188 40187 40192     1     1     1     1     0 34672
 40697 40702 40703 40698 40192 40187 40186 40191     1     1     1     1     0 34678
 40698 40703 40704 40699 40191 40186 40185 40190     1     1     1     1     0 34684
 40699 40704 40747 40748 40190 40185 40142 40141     1     1     1     1     0 34690
 40731 40732 40705 40700 40158 40157 40184 40189     1     1     1     1     0 34696
 40700 40705 40706 40701 40189 40184 40183 40188     1     1     1     1     0 34702
 40701 40706 40707 40702 40188 40183 40182 40187     1     1     1     1     0 34708
 40702 40707 40708 40703 40187 40182 40181 40186     1     1     1     1     0 34714
 40703 40708 40709 40704 40186 40181 40180 40185     1     1     1     1     0 34720
 40704 40709 40746 40747 40185 40180 40143 40142     1     1     1     1     0 34726
 40732 40733 40710 40705 40157 40156 40179 40184     1     1     1     1     0 34732
 40705 40710 40711 40706 40184 40179 40178 40183     1     1     1     1     0 34738
 40706 40711 40712 40707 40183 40178 40177 40182     1     1     1     1     0 34744
 40707 40712 40713 40708 40182 40177 40176 40181     1     1     1     1     0 34750
 40708 40713 40714 40709 40181 40176 40175 40180     1     1     1     1     0 34756
 40709 40714 40745 40746 40180 40175 40144 40143     1     1     1     1     0 34762
 40733 40734 40715 40710 40156 40155 40174 40179     1     1     1     1     0 34768
 40710 40715 40716 40711 40179 40174 40173 40178     1     1     1     1     0 34774
 40711 40716 40717 40712 40178 40173 40172 40177     1     1     1     1     0 34780
 40712 40717 40718 40713 40177 40172 40171 40176     1     1     1     1     0 34786
 40713 40718 40719 40714 40176 40171 40170 40175     1     1     1     1     0 34792
 40714 40719 40744 40745 40175 40170 40145 40144     1     1     1     1     0 34798
 40734 40735 40720 40715 40155 40154 40169 40174     1     1     1     1     0 34804
 40715 40720 40721 40716 40174 40169 40168 40173     1     1     1     1     0 34810
 40716 40721 40722 40717 40173 40168 40167 40172     1     1     1     1     0 34816
 40717 40722 40723 40718 40172 40167 40166 40171     1     1     1     1     0 34822
 40718 40723 40724 40719 40171 40166 40165 40170     1     1     1     1     0 34828
 40719 40724 40743 40744 40170 40165 40146 40145     1     1     1     1     0 34834
 40735 40736 40737 40720 40154 40153 40152 40169     1     1     1     1     0 34840
 40720 40737 40738 40721 40169 40152 40151 40168     1     1     1     1     0 34846
 40721 40738 40739 40722 40168 40151 40150 40167     1     1     1     1     0 34852
 40722 40739 40740 40723 40167 40150 40149 40166     1     1     1     1     0 34858
 40723 40740 40741 40724 40166 40149 40148 40165     1     1     1     1     0 34864
 40724 40741 40742 40743 40165 40148 40147 40146     1     1     1     1     0 34870
 40230 40725 40298 40286 40285 40164 40333 40291     1     1     1     1     0 34876
 40229 40726 40725 40230 40284 40163 40164 40285     1     1     1     1     0 34882
 40228 40727 40726 40229 40283 40162 40163 40284     1     1     1     1     0 34888
 40227 40728 40727 40228 40282 40161 40162 40283     1     1     1     1     0 34894
 40226 40729 40728 40227 40281 40160 40161 40282     1     1     1     1     0 34900
 40225 40730 40729 40226 40280 40159 40160 40281     1     1     1     1     0 34906
 40224 40731 40730 40225 40279 40158 40159 40280     1     1     1     1     0 34912
 40223 40732 40731 40224 40278 40157 40158 40279     1     1     1     1     0 34918
 40222 40733 40732 40223 40277 40156 40157 40278     1     1     1     1     0 34924
 40221 40734 40733 40222 40276 40155 40156 40277     1     1     1     1     0 34930
 40220 40735 40734 40221 40275 40154 40155 40276     1     1     1     1     0 34936
 36813 40736 40735 40220 36818 40153 40154 40275     1     1     1     1     0 34942
 36823 40737 40736 36813 36848 40152 40153 36818     1     1     1     1     0 34948
 36822 40738 40737 36823 36847 40151 40152 36848     1     1     1     1     0 34954
 36821 40739 40738 36822 36846 40150 40151 36847     1     1     1     1     0 34960
 36820 40740 40739 36821 36845 40149 40150 36846     1     1     1     1     0 34966
 36819 40741 40740 36820 36844 40148 40149 36845     1     1     1     1     0 34972
 31285 40742 40741 36819 31290 40147 40148 36844     1     1     1     1     0 34978
 40298 42832 42614 40286 40333 42613 42643 40291     1     1     1     1     0 36826
 40297 42833 42832 40298 40332 42612 42613 40333     1     1     1     1     0 36832
 40296 42834 42833 40297 40331 42611 42612 40332     1     1     1     1     0 36838
 40295 42835 42834 40296 40330 42610 42611 40331     1     1     1     1     0 36844
 40294 42836 42835 40295 40329 42609 42610 40330     1     1     1     1     0 36850
 40293 42837 42836 40294 40328 42608 42609 40329     1     1     1     1     0 36856
 40292 42838 42837 40293 40327 42607 42608 40328     1     1     1     1     0 36862
 42832 42839 42615 42614 42613 42606 42642 42643     1     1     1     1     0 36874
 42833 42840 42839 42832 42612 42605 42606 42613     1     1     1     1     0 36880
 42834 42841 42840 42833 42611 42604 42605 42612     1     1     1     1     0 36886
 42835 42842 42841 42834 42610 42603 42604 42611     1     1     1     1     0 36892
 42836 42843 42842 42835 42609 42602 42603 42610     1     1     1     1     0 36898
 42837 42844 42843 42836 42608 42601 42602 42609     1     1     1     1     0 36904
 42838 42845 42844 42837 42607 42600 42601 42608     1     1     1     1     0 36910
 42839 42846 42616 42615 42606 42599 42641 42642     1     1     1     1     0 36922
 42840 42847 42846 42839 42605 42598 42599 42606     1     1     1     1     0 36928
 42841 42848 42847 42840 42604 42597 42598 42605     1     1     1     1     0 36934
 42842 42849 42848 42841 42603 42596 42597 42604     1     1     1     1     0 36940
 42843 42850 42849 42842 42602 42595 42596 42603     1     1     1     1     0 36946
 42844 42851 42850 42843 42601 42594 42595 42602     1     1     1     1     0 36952
 42845 42852 42851 42844 42600 42593 42594 42601     1     1     1     1     0 36958
 42846 42853 42617 42616 42599 42592 42640 42641     1     1     1     1     0 36970
 42847 42854 42853 42846 42598 42591 42592 42599     1     1     1     1     0 36976
 42848 42855 42854 42847 42597 42590 42591 42598     1     1     1     1     0 36982
 42849 42856 42855 42848 42596 42589 42590 42597     1     1     1     1     0 36988
 42850 42857 42856 42849 42595 42588 42589 42596     1     1     1     1     0 36994
 42851 42858 42857 42850 42594 42587 42588 42595     1     1     1     1     0 37000
 42852 42859 42858 42851 42593 42586 42587 42594     1     1     1     1     0 37006
 42853 42860 42618 42617 42592 42585 42639 42640     1     1     1     1     0 37018
 42854 42861 42860 42853 42591 42584 42585 42592     1     1     1     1     0 37024
 42855 42862 42861 42854 42590 42583 42584 42591     1     1     1     1     0 37030
 42856 42863 42862 42855 42589 42582 42583 42590     1     1     1     1     0 37036
 42857 42864 42863 42856 42588 42581 42582 42589     1     1     1     1     0 37042
 42858 42865 42864 42857 42587 42580 42581 42588     1     1     1     1     0 37048
 42859 42866 42865 42858 42586 42579 42580 42587     1     1     1     1     0 37054
 42860 42684 42644 42618 42585 42685 42649 42639     1     1     1     1     0 37066
 42861 42679 42684 42860 42584 42686 42685 42585     1     1     1     1     0 37072
 42862 42674 42679 42861 42583 42687 42686 42584     1     1     1     1     0 37078
 42863 42669 42674 42862 42582 42688 42687 42583     1     1     1     1     0 37084
 42864 42664 42669 42863 42581 42689 42688 42582     1     1     1     1     0 37090
 42865 42659 42664 42864 42580 42690 42689 42581     1     1     1     1     0 37096
 42866 42654 42659 42865 42579 42691 42690 42580     1     1     1     1     0 37102
 42684 45235 44947 42644 42685 44914 44962 42649     1     1     1     1     0 39034
 42679 45236 45235 42684 42686 44913 44914 42685     1     1     1     1     0 39040
 42674 45237 45236 42679 42687 44912 44913 42686     1     1     1     1     0 39046
 42669 45238 45237 42674 42688 44911 44912 42687     1     1     1     1     0 39052
 42664 45239 45238 42669 42689 44910 44911 42688     1     1     1     1     0 39058
 42659 45240 45239 42664 42690 44909 44910 42689     1     1     1     1     0 39064
 42654 45241 45240 42659 42691 44908 44909 42690     1     1     1     1     0 39070
 45235 45242 44948 44947 44914 44907 44961 44962     1     1     1     1     0 39082
 45236 45243 45242 45235 44913 44906 44907 44914     1     1     1     1     0 39088
 45237 45244 45243 45236 44912 44905 44906 44913     1     1     1     1     0 39094
 45238 45245 45244 45237 44911 44904 44905 44912     1     1     1     1     0 39100
 45239 45246 45245 45238 44910 44903 44904 44911     1     1     1     1     0 39106
 45240 45247 45246 45239 44909 44902 44903 44910     1     1     1     1     0 39112
 45241 45248 45247 45240 44908 44901 44902 44909     1     1     1     1     0 39118
 45242 45249 44949 44948 44907 44900 44960 44961     1     1     1     1     0 39130
 45243 45250 45249 45242 44906 44899 44900 44907     1     1     1     1     0 39136
 45244 45251 45250 45243 44905 44898 44899 44906     1     1     1     1     0 39142
 45245 45252 45251 45244 44904 44897 44898 44905     1     1     1     1     0 39148
 45246 45253 45252 45245 44903 44896 44897 44904     1     1     1     1     0 39154
 45247 45254 45253 45246 44902 44895 44896 44903     1     1     1     1     0 39160
 45248 45255 45254 45247 44901 44894 44895 44902     1     1     1     1     0 39166
 45249 45256 44950 44949 44900 44893 44959 44960     1     1     1     1     0 39178
 45250 45257 45256 45249 44899 44892 44893 44900     1     1     1     1     0 39184
 45251 45258 45257 45250 44898 44891 44892 44899     1     1     1     1     0 39190
 45252 45259 45258 45251 44897 44890 44891 44898     1     1     1     1     0 39196
 45253 45260 45259 45252 44896 44889 44890 44897     1     1     1     1     0 39202
 45254 45261 45260 45253 44895 44888 44889 44896     1     1     1     1     0 39208
 45255 45262 45261 45254 44894 44887 44888 44895     1     1     1     1     0 39214
 45256 45263 44951 44950 44893 44886 44958 44959     1     1     1     1     0 39226
 45257 45264 45263 45256 44892 44885 44886 44893     1     1     1     1     0 39232
 45258 45265 45264 45257 44891 44884 44885 44892     1     1     1     1     0 39238
 45259 45266 45265 45258 44890 44883 44884 44891     1     1     1     1     0 39244
 45260 45267 45266 45259 44889 44882 44883 44890     1     1     1     1     0 39250
 45261 45268 45267 45260 44888 44881 44882 44889     1     1     1     1     0 39256
 45262 45269 45268 45261 44887 44880 44881 44888     1     1     1     1     0 39262
 45263 45270 44952 44951 44886 44879 44957 44958     1     1     1     1     0 39274
 45264 45271 45270 45263 44885 44878 44879 44886     1     1     1     1     0 39280
 45265 45272 45271 45264 44884 44877 44878 44885     1     1     1     1     0 39286
 45266 45273 45272 45265 44883 44876 44877 44884     1     1     1     1     0 39292
 45267 45274 45273 45266 44882 44875 44876 44883     1     1     1     1     0 39298
 45268 45275 45274 45267 44881 44874 44875 44882     1     1     1     1     0 39304
 45269 45276 45275 45268 44880 44873 44874 44881     1     1     1     1     0 39310
 45270 45277 44953 44952 44879 44872 44956 44957     1     1     1     1     0 39322
 45271 45278 45277 45270 44878 44871 44872 44879     1     1     1     1     0 39328
 45272 45279 45278 45271 44877 44870 44871 44878     1     1     1     1     0 39334
 45273 45280 45279 45272 44876 44869 44870 44877     1     1     1     1     0 39340
 45274 45281 45280 45273 44875 44868 44869 44876     1     1     1     1     0 39346
 45275 45282 45281 45274 44874 44867 44868 44875     1     1     1     1     0 39352
 45276 45283 45282 45275 44873 44866 44867 44874     1     1     1     1     0 39358
 45277 45284 44954 44953 44872 44865 44955 44956     1     1     1     1     0 39370
 45278 45285 45284 45277 44871 44864 44865 44872     1     1     1     1     0 39376
 45279 45286 45285 45278 44870 44863 44864 44871     1     1     1     1     0 39382
 45280 45287 45286 45279 44869 44862 44863 44870     1     1     1     1     0 39388
 45281 45288 45287 45280 44868 44861 44862 44869     1     1     1     1     0 39394
 45282 45289 45288 45281 44867 44860 44861 44868     1     1     1     1     0 39400
 45283 45290 45289 45282 44866 44859 44860 44867     1     1     1     1     0 39406
 45284 44975 44963 44954 44865 45004 44968 44955     1     1     1     1     0 39418
 45285 44974 44975 45284 44864 45005 45004 44865     1     1     1     1     0 39424
 45286 44973 44974 45285 44863 45006 45005 44864     1     1     1     1     0 39430
 45287 44972 44973 45286 44862 45007 45006 44863     1     1     1     1     0 39436
 45288 44971 44972 45287 44861 45008 45007 44862     1     1     1     1     0 39442
 45289 44970 44971 45288 44860 45009 45008 44861     1     1     1     1     0 39448
 45290 44969 44970 45289 44859 45010 45009 44860     1     1     1     1     0 39454
 36813 48693 49189 36794 36818 48706 48574 36795     1     1     1     1     0 42002
 36794 49189 49190 36789 36795 48574 48573 36796     1     1     1     1     0 42008
 36789 49190 49191 36784 36796 48573 48572 36797     1     1     1     1     0 42014
 36784 49191 49194 36779 36797 48572 48569 36798     1     1     1     1     0 42020
 36779 49194 49195 36774 36798 48569 48568 36799     1     1     1     1     0 42026
 36774 49195 49196 36769 36799 48568 48567 36800     1     1     1     1     0 42032
 48692 49192 49189 48693 48705 48571 48574 48706     1     1     1     1     0 42038
 36769 49196 49197 36764 36800 48567 48566 36801     1     1     1     1     0 42044
 48691 49219 49192 48692 48704 48544 48571 48705     1     1     1     1     0 42050
 36764 49197 49198 36759 36801 48566 48565 36802     1     1     1     1     0 42056
 48690 49221 49219 48691 48703 48542 48544 48704     1     1     1     1     0 42062
 36807 36739 49202 48751 36812 36806 48561 48772     1     1     1     1     0 42068
 36759 49198 49199 36754 36802 48565 48564 36803     1     1     1     1     0 42074
 48689 49222 49221 48690 48702 48541 48542 48703     1     1     1     1     0 42080
 48751 49202 49203 48752 48772 48561 48560 48771     1     1     1     1     0 42086
 36754 49199 49200 36749 36803 48564 48563 36804     1     1     1     1     0 42092
 48752 49203 49204 48753 48771 48560 48559 48770     1     1     1     1     0 42098
 48688 49223 49222 48689 48701 48540 48541 48702     1     1     1     1     0 42104
 36749 49200 49201 36744 36804 48563 48562 36805     1     1     1     1     0 42110
 36744 49201 49202 36739 36805 48562 48561 36806     1     1     1     1     0 42116
 48753 49204 49205 48754 48770 48559 48558 48769     1     1     1     1     0 42122
 48687 49224 49223 48688 48700 48539 48540 48701     1     1     1     1     0 42128
 48754 49205 49206 48755 48769 48558 48557 48768     1     1     1     1     0 42134
 48755 49206 49207 48756 48768 48557 48556 48767     1     1     1     1     0 42140
 48604 49217 49218 48603 48615 48546 48545 48616     1     1     1     1     0 42146
 48603 49218 48681 48628 48616 48545 48694 48623     1     1     1     1     0 42152
 48607 49214 49215 48606 48612 48549 48548 48613     1     1     1     1     0 42158
 48617 48761 49212 48609 48622 48762 48551 48610     1     1     1     1     0 42164
 48609 49212 49213 48608 48610 48551 48550 48611     1     1     1     1     0 42170
 48608 49213 49214 48607 48611 48550 48549 48612     1     1     1     1     0 42176
 48606 49215 49216 48605 48613 48548 48547 48614     1     1     1     1     0 42182
 48605 49216 49217 48604 48614 48547 48546 48615     1     1     1     1     0 42188
 48686 49225 49224 48687 48699 48538 48539 48700     1     1     1     1     0 42194
 48685 49226 49225 48686 48698 48537 48538 48699     1     1     1     1     0 42200
 48756 49207 49208 48757 48767 48556 48555 48766     1     1     1     1     0 42206
 48684 49227 49226 48685 48697 48536 48537 48698     1     1     1     1     0 42212
 48757 49208 49209 48758 48766 48555 48554 48765     1     1     1     1     0 42218
 48683 49228 49227 48684 48696 48535 48536 48697     1     1     1     1     0 42224
 48758 49209 49210 48759 48765 48554 48553 48764     1     1     1     1     0 42230
 48682 49245 49228 48683 48695 48518 48535 48696     1     1     1     1     0 42236
 48681 49218 49245 48682 48694 48545 48518 48695     1     1     1     1     0 42242
 48759 49210 49211 48760 48764 48553 48552 48763     1     1     1     1     0 42248
 48760 49211 49212 48761 48763 48552 48551 48762     1     1     1     1     0 42254
 49189 49192 49193 49190 48574 48571 48570 48573     1     1     1     1     0 42260
 49190 49193 49220 49191 48573 48570 48543 48572     1     1     1     1     0 42266
 49191 49220 49229 49194 48572 48543 48534 48569     1     1     1     1     0 42272
 49192 49219 49220 49193 48571 48544 48543 48570     1     1     1     1     0 42278
 49194 49229 49230 49195 48569 48534 48533 48568     1     1     1     1     0 42284
 49195 49230 49231 49196 48568 48533 48532 48567     1     1     1     1     0 42290
 49196 49231 49232 49197 48567 48532 48531 48566     1     1     1     1     0 42296
 49197 49232 49233 49198 48566 48531 48530 48565     1     1     1     1     0 42302
 49198 49233 49234 49199 48565 48530 48529 48564     1     1     1     1     0 42308
 49199 49234 49235 49200 48564 48529 48528 48563     1     1     1     1     0 42314
 49200 49235 49236 49201 48563 48528 48527 48562     1     1     1     1     0 42320
 49201 49236 49203 49202 48562 48527 48560 48561     1     1     1     1     0 42326
 49203 49236 49237 49204 48560 48527 48526 48559     1     1     1     1     0 42332
 49204 49237 49238 49205 48559 48526 48525 48558     1     1     1     1     0 42338
 49205 49238 49239 49206 48558 48525 48524 48557     1     1     1     1     0 42344
 49206 49239 49240 49207 48557 48524 48523 48556     1     1     1     1     0 42350
 49207 49240 49241 49208 48556 48523 48522 48555     1     1     1     1     0 42356
 49208 49241 49242 49209 48555 48522 48521 48554     1     1     1     1     0 42362
 49209 49242 49243 49210 48554 48521 48520 48553     1     1     1     1     0 42368
 49210 49243 49244 49211 48553 48520 48519 48552     1     1     1     1     0 42374
 49211 49244 49213 49212 48552 48519 48550 48551     1     1     1     1     0 42380
 49213 49244 49269 49214 48550 48519 48494 48549     1     1     1     1     0 42386
 49214 49269 49246 49215 48549 48494 48517 48548     1     1     1     1     0 42392
 49215 49246 49247 49216 48548 48517 48516 48547     1     1     1     1     0 42398
 49216 49247 49248 49217 48547 48516 48515 48546     1     1     1     1     0 42404
 49217 49248 49245 49218 48546 48515 48518 48545     1     1     1     1     0 42410
 49221 49250 49249 49219 48542 48513 48514 48544     1     1     1     1     0 42416
 49219 49249 49229 49220 48544 48514 48534 48543     1     1     1     1     0 42422
 49222 49251 49250 49221 48541 48512 48513 48542     1     1     1     1     0 42428
 49223 49252 49251 49222 48540 48511 48512 48541     1     1     1     1     0 42434
 49224 49253 49252 49223 48539 48510 48511 48540     1     1     1     1     0 42440
 49225 49254 49253 49224 48538 48509 48510 48539     1     1     1     1     0 42446
 49226 49255 49254 49225 48537 48508 48509 48538     1     1     1     1     0 42452
 49227 49256 49255 49226 48536 48507 48508 48537     1     1     1     1     0 42458
 49228 49282 49256 49227 48535 48481 48507 48536     1     1     1     1     0 42464
 49245 49281 49282 49228 48518 48482 48481 48535     1     1     1     1     0 42470
 49229 49249 49257 49230 48534 48514 48506 48533     1     1     1     1     0 42476
 49230 49257 49258 49231 48533 48506 48505 48532     1     1     1     1     0 42482
 49231 49258 49259 49232 48532 48505 48504 48531     1     1     1     1     0 42488
 49232 49259 49260 49233 48531 48504 48503 48530     1     1     1     1     0 42494
 49233 49260 49261 49234 48530 48503 48502 48529     1     1     1     1     0 42500
 49234 49261 49262 49235 48529 48502 48501 48528     1     1     1     1     0 42506
 49235 49262 49237 49236 48528 48501 48526 48527     1     1     1     1     0 42512
 49237 49262 49263 49238 48526 48501 48500 48525     1     1     1     1     0 42518
 49238 49263 49264 49239 48525 48500 48499 48524     1     1     1     1     0 42524
 49239 49264 49265 49240 48524 48499 48498 48523     1     1     1     1     0 42530
 49240 49265 49266 49241 48523 48498 48497 48522     1     1     1     1     0 42536
 49241 49266 49267 49242 48522 48497 48496 48521     1     1     1     1     0 42542
 49242 49267 49268 49243 48521 48496 48495 48520     1     1     1     1     0 42548
 49243 49268 49269 49244 48520 48495 48494 48519     1     1     1     1     0 42554
 49245 49248 49280 49281 48518 48515 48483 48482     1     1     1     1     0 42560
 49246 49269 49279 49247 48517 48494 48484 48516     1     1     1     1     0 42566
 49247 49279 49280 49248 48516 48484 48483 48515     1     1     1     1     0 42572
 49250 49276 49257 49249 48513 48487 48506 48514     1     1     1     1     0 42578
 49251 49284 49276 49250 48512 48479 48487 48513     1     1     1     1     0 42584
 49252 49290 49284 49251 48511 48473 48479 48512     1     1     1     1     0 42590
 49253 49289 49290 49252 48510 48474 48473 48511     1     1     1     1     0 42596
 49254 49275 49289 49253 48509 48488 48474 48510     1     1     1     1     0 42602
 49255 49273 49275 49254 48508 48490 48488 48509     1     1     1     1     0 42608
 49256 49271 49273 49255 48507 48492 48490 48508     1     1     1     1     0 42614
 49282 49283 49271 49256 48481 48480 48492 48507     1     1     1     1     0 42620
 49257 49276 49277 49258 48506 48487 48486 48505     1     1     1     1     0 42626
 49258 49277 49286 49259 48505 48486 48477 48504     1     1     1     1     0 42632
 49259 49286 49287 49260 48504 48477 48476 48503     1     1     1     1     0 42638
 49260 49287 49288 49261 48503 48476 48475 48502     1     1     1     1     0 42644
 49261 49288 49263 49262 48502 48475 48500 48501     1     1     1     1     0 42650
 49263 49288 49292 49264 48500 48475 48471 48499     1     1     1     1     0 42656
 49264 49292 49274 49265 48499 48471 48489 48498     1     1     1     1     0 42662
 49265 49274 49272 49266 48498 48489 48491 48497     1     1     1     1     0 42668
 49266 49272 49270 49267 48497 48491 48493 48496     1     1     1     1     0 42674
 49267 49270 49278 49268 48496 48493 48485 48495     1     1     1     1     0 42680
 49268 49278 49279 49269 48495 48485 48484 48494     1     1     1     1     0 42686
 49278 49270 49271 49283 48485 48493 48492 48480     1     1     1     1     0 42692
 49270 49272 49273 49271 48493 48491 48490 48492     1     1     1     1     0 42698
 49272 49274 49275 49273 48491 48489 48488 48490     1     1     1     1     0 42704
 49274 49292 49289 49275 48489 48471 48474 48488     1     1     1     1     0 42710
 49286 49277 49285 49285 48477 48486 48478 48478     1     1     1     1     0 42716
 49276 49284 49285 49277 48487 48479 48478 48486     1     1     1     1     0 42722
 49278 49283 49280 49279 48485 48480 48483 48484     1     1     1     1     0 42728
 49280 49283 49282 49281 48483 48480 48481 48482     1     1     1     1     0 42734
 49290 49291 49285 49284 48473 48472 48478 48479     1     1     1     1     0 42740
 49291 49287 49286 49285 48472 48476 48477 48478     1     1     1     1     0 42746
 49287 49291 49292 49288 48476 48472 48471 48475     1     1     1     1     0 42752
 49289 49292 49291 49290 48474 48471 48472 48473     1     1     1     1     0 42758
 44948 56650 56651 44947 44961 55723 55722 44962     1     1     1     1     0 49079
 44947 56651 56652 42644 44962 55722 55721 42649     1     1     1     1     0 49085
 44949 56649 56650 44948 44960 55724 55723 44961     1     1     1     1     0 49091
 44950 56648 56649 44949 44959 55725 55724 44960     1     1     1     1     0 49097
 44952 56646 56647 44951 44957 55727 55726 44958     1     1     1     1     0 49103
 44951 56647 56648 44950 44958 55726 55725 44959     1     1     1     1     0 49109
 44963 55755 56643 44954 44968 55760 55730 44955     1     1     1     1     0 49115
 44954 56643 56644 44953 44955 55730 55729 44956     1     1     1     1     0 49121
 44953 56644 56646 44952 44956 55729 55727 44957     1     1     1     1     0 49127
 55767 56666 55751 55761 55882 55707 55756 55766     1     1     1     1     0 49133
 55751 56666 56667 55752 55756 55707 55706 55757     1     1     1     1     0 49139
 55752 56667 56668 55753 55757 55706 55705 55758     1     1     1     1     0 49145
 55753 56668 56645 55754 55758 55705 55728 55759     1     1     1     1     0 49151
 55754 56645 56643 55755 55759 55728 55730 55760     1     1     1     1     0 49157
 56643 56645 56646 56644 55730 55728 55727 55729     1     1     1     1     0 49163
 55768 56685 56666 55767 55883 55688 55707 55882     1     1     1     1     0 49169
 55769 56686 56685 55768 55884 55687 55688 55883     1     1     1     1     0 49175
 55770 56693 56686 55769 55885 55680 55687 55884     1     1     1     1     0 49181
 55771 56696 56693 55770 55886 55677 55680 55885     1     1     1     1     0 49187
 55772 56699 56696 55771 55887 55674 55677 55886     1     1     1     1     0 49193
 40220 56669 48693 36813 40275 55704 48706 36818     1     1     1     1     0 49199
 40221 56684 56669 40220 40276 55689 55704 40275     1     1     1     1     0 49205
 40222 56778 56684 40221 40277 55595 55689 40276     1     1     1     1     0 49211
 40223 56777 56778 40222 40278 55596 55595 40277     1     1     1     1     0 49217
 40224 56665 56777 40223 40279 55708 55596 40278     1     1     1     1     0 49223
 40225 56664 56665 40224 40280 55709 55708 40279     1     1     1     1     0 49229
 40226 56663 56664 40225 40281 55710 55709 40280     1     1     1     1     0 49235
 40227 56662 56663 40226 40282 55711 55710 40281     1     1     1     1     0 49241
 40228 56661 56662 40227 40283 55712 55711 40282     1     1     1     1     0 49247
 40229 56660 56661 40228 40284 55713 55712 40283     1     1     1     1     0 49253
 40230 56659 56660 40229 40285 55714 55713 40284     1     1     1     1     0 49259
 40286 56658 56659 40230 40291 55715 55714 40285     1     1     1     1     0 49265
 42614 56657 56658 40286 42643 55716 55715 40291     1     1     1     1     0 49271
 42644 56652 56653 42618 42649 55721 55720 42639     1     1     1     1     0 49277
 42615 56656 56657 42614 42642 55717 55716 42643     1     1     1     1     0 49283
 42618 56653 56654 42617 42639 55720 55719 42640     1     1     1     1     0 49289
 42616 56655 56656 42615 42641 55718 55717 42642     1     1     1     1     0 49295
 42617 56654 56655 42616 42640 55719 55718 42641     1     1     1     1     0 49301
 55773 56702 56699 55772 55888 55671 55674 55887     1     1     1     1     0 49307
 55774 56705 56702 55773 55889 55668 55671 55888     1     1     1     1     0 49313
 55775 56708 56705 55774 55890 55665 55668 55889     1     1     1     1     0 49319
 48693 56669 56804 48692 48706 55704 55569 48705     1     1     1     1     0 49325
 55776 56711 56708 55775 55891 55662 55665 55890     1     1     1     1     0 49331
 55777 56712 56711 55776 55892 55661 55662 55891     1     1     1     1     0 49337
 48692 56804 56805 48691 48705 55569 55568 48704     1     1     1     1     0 49343
 55778 56713 56712 55777 55893 55660 55661 55892     1     1     1     1     0 49349
 48691 56805 56801 48690 48704 55568 55572 48703     1     1     1     1     0 49355
 55779 56714 56713 55778 55894 55659 55660 55893     1     1     1     1     0 49361
 48690 56801 56670 48689 48703 55572 55703 48702     1     1     1     1     0 49367
 55780 56715 56714 55779 55895 55658 55659 55894     1     1     1     1     0 49373
 48689 56670 56671 48688 48702 55703 55702 48701     1     1     1     1     0 49379
 55781 56716 56715 55780 55896 55657 55658 55895     1     1     1     1     0 49385
 48688 56671 56672 48687 48701 55702 55701 48700     1     1     1     1     0 49391
 55782 56717 56716 55781 55897 55656 55657 55896     1     1     1     1     0 49397
 48687 56672 56673 48686 48700 55701 55700 48699     1     1     1     1     0 49403
 48686 56673 56674 48685 48699 55700 55699 48698     1     1     1     1     0 49409
 55937 56680 56681 55938 55944 55693 55692 55943     1     1     1     1     0 49415
 55938 56681 56682 55939 55943 55692 55691 55942     1     1     1     1     0 49421
 55939 56682 56683 55940 55942 55691 55690 55941     1     1     1     1     0 49427
 55940 56683 55789 55905 55941 55690 55904 55910     1     1     1     1     0 49433
 55935 56678 56679 55936 55946 55695 55694 55945     1     1     1     1     0 49439
 48628 48681 56678 55935 48623 48694 55695 55946     1     1     1     1     0 49445
 55936 56679 56680 55937 55945 55694 55693 55944     1     1     1     1     0 49451
 55783 56718 56717 55782 55898 55655 55656 55897     1     1     1     1     0 49457
 55784 56719 56718 55783 55899 55654 55655 55898     1     1     1     1     0 49463
 55785 56720 56719 55784 55900 55653 55654 55899     1     1     1     1     0 49469
 48685 56674 56675 48684 48698 55699 55698 48697     1     1     1     1     0 49475
 55786 56721 56720 55785 55901 55652 55653 55900     1     1     1     1     0 49481
 48684 56675 56676 48683 48697 55698 55697 48696     1     1     1     1     0 49487
 55787 56782 56721 55786 55902 55591 55652 55901     1     1     1     1     0 49493
 48683 56676 56677 48682 48696 55697 55696 48695     1     1     1     1     0 49499
 48682 56677 56678 48681 48695 55696 55695 48694     1     1     1     1     0 49505
 55788 56781 56782 55787 55903 55592 55591 55902     1     1     1     1     0 49511
 55789 56683 56781 55788 55904 55690 55592 55903     1     1     1     1     0 49517
 56645 56668 56688 56646 55728 55705 55685 55727     1     1     1     1     0 49523
 56646 56688 56689 56647 55727 55685 55684 55726     1     1     1     1     0 49529
 56647 56689 56690 56648 55726 55684 55683 55725     1     1     1     1     0 49535
 56648 56690 56692 56649 55725 55683 55681 55724     1     1     1     1     0 49541
 56649 56692 56695 56650 55724 55681 55678 55723     1     1     1     1     0 49547
 56650 56695 56698 56651 55723 55678 55675 55722     1     1     1     1     0 49553
 56651 56698 56701 56652 55722 55675 55672 55721     1     1     1     1     0 49559
 56652 56701 56704 56653 55721 55672 55669 55720     1     1     1     1     0 49565
 56653 56704 56707 56654 55720 55669 55666 55719     1     1     1     1     0 49571
 56654 56707 56710 56655 55719 55666 55663 55718     1     1     1     1     0 49577
 56655 56710 56786 56656 55718 55663 55587 55717     1     1     1     1     0 49583
 56656 56786 56787 56657 55717 55587 55586 55716     1     1     1     1     0 49589
 56657 56787 56728 56658 55716 55586 55645 55715     1     1     1     1     0 49595
 56658 56728 56729 56659 55715 55645 55644 55714     1     1     1     1     0 49601
 56659 56729 56730 56660 55714 55644 55643 55713     1     1     1     1     0 49607
 56660 56730 56731 56661 55713 55643 55642 55712     1     1     1     1     0 49613
 56661 56731 56732 56662 55712 55642 55641 55711     1     1     1     1     0 49619
 56662 56732 56733 56663 55711 55641 55640 55710     1     1     1     1     0 49625
 56663 56733 56807 56664 55710 55640 55566 55709     1     1     1     1     0 49631
 56664 56807 56808 56665 55709 55566 55565 55708     1     1     1     1     0 49637
 56665 56808 56776 56777 55708 55565 55597 55596     1     1     1     1     0 49643
 56666 56685 56687 56667 55707 55688 55686 55706     1     1     1     1     0 49649
 56667 56687 56688 56668 55706 55686 55685 55705     1     1     1     1     0 49655
 56669 56684 56803 56804 55704 55689 55570 55569     1     1     1     1     0 49661
 56801 56802 56722 56670 55572 55571 55651 55703     1     1     1     1     0 49667
 56670 56722 56723 56671 55703 55651 55650 55702     1     1     1     1     0 49673
 56671 56723 56724 56672 55702 55650 55649 55701     1     1     1     1     0 49679
 56672 56724 56725 56673 55701 55649 55648 55700     1     1     1     1     0 49685
 56673 56725 56726 56674 55700 55648 55647 55699     1     1     1     1     0 49691
 56674 56726 56727 56675 55699 55647 55646 55698     1     1     1     1     0 49697
 56675 56727 56793 56676 55698 55646 55580 55697     1     1     1     1     0 49703
 56676 56793 56794 56677 55697 55580 55579 55696     1     1     1     1     0 49709
 56677 56794 56679 56678 55696 55579 55694 55695     1     1     1     1     0 49715
 56679 56794 56796 56680 55694 55579 55577 55693     1     1     1     1     0 49721
 56680 56796 56797 56681 55693 55577 55576 55692     1     1     1     1     0 49727
 56681 56797 56780 56682 55692 55576 55593 55691     1     1     1     1     0 49733
 56682 56780 56781 56683 55691 55593 55592 55690     1     1     1     1     0 49739
 56778 56779 56803 56684 55595 55594 55570 55689     1     1     1     1     0 49745
 56686 56691 56687 56685 55687 55682 55686 55688     1     1     1     1     0 49751
 56693 56694 56691 56686 55680 55679 55682 55687     1     1     1     1     0 49757
 56687 56691 56689 56688 55686 55682 55684 55685     1     1     1     1     0 49763
 56689 56691 56692 56690 55684 55682 55681 55683     1     1     1     1     0 49769
 56691 56694 56695 56692 55682 55679 55678 55681     1     1     1     1     0 49775
 56696 56697 56694 56693 55677 55676 55679 55680     1     1     1     1     0 49781
 56694 56697 56698 56695 55679 55676 55675 55678     1     1     1     1     0 49787
 56699 56700 56697 56696 55674 55673 55676 55677     1     1     1     1     0 49793
 56697 56700 56701 56698 55676 55673 55672 55675     1     1     1     1     0 49799
 56702 56703 56700 56699 55671 55670 55673 55674     1     1     1     1     0 49805
 56700 56703 56704 56701 55673 55670 55669 55672     1     1     1     1     0 49811
 56705 56706 56703 56702 55668 55667 55670 55671     1     1     1     1     0 49817
 56703 56706 56707 56704 55670 55667 55666 55669     1     1     1     1     0 49823
 56708 56709 56706 56705 55665 55664 55667 55668     1     1     1     1     0 49829
 56706 56709 56710 56707 55667 55664 55663 55666     1     1     1     1     0 49835
 56711 56784 56709 56708 55662 55589 55664 55665     1     1     1     1     0 49841
 56709 56784 56786 56710 55664 55589 55587 55663     1     1     1     1     0 49847
 56712 56783 56784 56711 55661 55590 55589 55662     1     1     1     1     0 49853
 56713 56734 56783 56712 55660 55639 55590 55661     1     1     1     1     0 49859
 56714 56735 56734 56713 55659 55638 55639 55660     1     1     1     1     0 49865
 56715 56736 56735 56714 55658 55637 55638 55659     1     1     1     1     0 49871
 56716 56737 56736 56715 55657 55636 55637 55658     1     1     1     1     0 49877
 56717 56738 56737 56716 55656 55635 55636 55657     1     1     1     1     0 49883
 56718 56739 56738 56717 55655 55634 55635 55656     1     1     1     1     0 49889
 56719 56740 56739 56718 55654 55633 55634 55655     1     1     1     1     0 49895
 56720 56741 56740 56719 55653 55632 55633 55654     1     1     1     1     0 49901
 56721 56791 56741 56720 55652 55582 55632 55653     1     1     1     1     0 49907
 56782 56790 56791 56721 55591 55583 55582 55652     1     1     1     1     0 49913
 56808 56811 56812 56776 55565 55562 55561 55597     1     1     1     1     0 49919
 56779 56775 56806 56803 55594 55598 55567 55570     1     1     1     1     0 49925
 56802 56800 56763 56722 55571 55573 55610 55651     1     1     1     1     0 49931
 56722 56763 56760 56723 55651 55610 55613 55650     1     1     1     1     0 49937
 56723 56760 56757 56724 55650 55613 55616 55649     1     1     1     1     0 49943
 56724 56757 56754 56725 55649 55616 55619 55648     1     1     1     1     0 49949
 56725 56754 56751 56726 55648 55619 55622 55647     1     1     1     1     0 49955
 56726 56751 56789 56727 55647 55622 55584 55646     1     1     1     1     0 49961
 56727 56789 56795 56793 55646 55584 55578 55580     1     1     1     1     0 49967
 56787 56788 56744 56728 55586 55585 55629 55645     1     1     1     1     0 49973
 56728 56744 56745 56729 55645 55629 55628 55644     1     1     1     1     0 49979
 56729 56745 56748 56730 55644 55628 55625 55643     1     1     1     1     0 49985
 56730 56748 56749 56731 55643 55625 55624 55642     1     1     1     1     0 49991
 56731 56749 56750 56732 55642 55624 55623 55641     1     1     1     1     0 49997
 56732 56750 56814 56733 55641 55623 55559 55640     1     1     1     1     0 50003
 56733 56814 56815 56807 55640 55559 55558 55566     1     1     1     1     0 50009
 56734 56742 56785 56783 55639 55631 55588 55590     1     1     1     1     0 50015
 56735 56746 56742 56734 55638 55627 55631 55639     1     1     1     1     0 50021
 56736 56767 56746 56735 55637 55606 55627 55638     1     1     1     1     0 50027
 56737 56765 56767 56736 55636 55608 55606 55637     1     1     1     1     0 50033
 56738 56762 56765 56737 55635 55611 55608 55636     1     1     1     1     0 50039
 56739 56759 56762 56738 55634 55614 55611 55635     1     1     1     1     0 50045
 56740 56756 56759 56739 55633 55617 55614 55634     1     1     1     1     0 50051
 56741 56753 56756 56740 55632 55620 55617 55633     1     1     1     1     0 50057
 56791 56792 56753 56741 55582 55581 55620 55632     1     1     1     1     0 50063
 56751 56752 56792 56789 55622 55621 55581 55584     1     1     1     1     0 50069
 56812 56816 56809 56775 55561 55557 55564 55598     1     1     1     1     0 50075
 56775 56809 56799 56806 55598 55564 55574 55567     1     1     1     1     0 50081
 56785 56742 56743 56788 55588 55631 55630 55585     1     1     1     1     0 50087
 56788 56743 56747 56744 55585 55630 55626 55629     1     1     1     1     0 50093
 56742 56746 56747 56743 55631 55627 55626 55630     1     1     1     1     0 50099
 56744 56747 56768 56745 55629 55626 55605 55628     1     1     1     1     0 50105
 56745 56768 56770 56748 55628 55605 55603 55625     1     1     1     1     0 50111
 56746 56767 56768 56747 55627 55606 55605 55626     1     1     1     1     0 50117
 56748 56770 56772 56749 55625 55603 55601 55624     1     1     1     1     0 50123
 56749 56772 56774 56750 55624 55601 55599 55623     1     1     1     1     0 50129
 56750 56774 56813 56814 55623 55599 55560 55559     1     1     1     1     0 50135
 56792 56752 56755 56753 55581 55621 55618 55620     1     1     1     1     0 50141
 56751 56754 56755 56752 55622 55619 55618 55621     1     1     1     1     0 50147
 56753 56755 56758 56756 55620 55618 55615 55617     1     1     1     1     0 50153
 56754 56757 56758 56755 55619 55616 55615 55618     1     1     1     1     0 50159
 56756 56758 56761 56759 55617 55615 55612 55614     1     1     1     1     0 50165
 56757 56760 56761 56758 55616 55613 55612 55615     1     1     1     1     0 50171
 56759 56761 56764 56762 55614 55612 55609 55611     1     1     1     1     0 50177
 56760 56763 56764 56761 55613 55610 55609 55612     1     1     1     1     0 50183
 56764 56766 56765 56762 55609 55607 55608 55611     1     1     1     1     0 50189
 56763 56800 56766 56764 55610 55573 55607 55609     1     1     1     1     0 50195
 56765 56766 56769 56767 55608 55607 55604 55606     1     1     1     1     0 50201
 56766 56800 56771 56769 55607 55573 55602 55604     1     1     1     1     0 50207
 56767 56769 56770 56768 55606 55604 55603 55605     1     1     1     1     0 50213
 56769 56771 56772 56770 55604 55602 55601 55603     1     1     1     1     0 50219
 56810 56773 56799 56809 55563 55600 55574 55564     1     1     1     1     0 50225
 56799 56773 56771 56800 55574 55600 55602 55573     1     1     1     1     0 50231
 56771 56773 56774 56772 55602 55600 55599 55601     1     1     1     1     0 50237
 56813 56774 56773 56810 55560 55599 55600 55563     1     1     1     1     0 50243
 56812 56775 56779 56776 55561 55598 55594 55597     1     1     1     1     0 50249
 56776 56779 56778 56777 55597 55594 55595 55596     1     1     1     1     0 50255
 56798 56790 56780 56797 55575 55583 55593 55576     1     1     1     1     0 50261
 56780 56790 56782 56781 55593 55583 55591 55592     1     1     1     1     0 50267
 56783 56785 56786 56784 55590 55588 55587 55589     1     1     1     1     0 50273
 56785 56788 56787 56786 55588 55585 55586 55587     1     1     1     1     0 50279
 56789 56792 56798 56795 55584 55581 55575 55578     1     1     1     1     0 50285
 56798 56792 56791 56790 55575 55581 55582 55583     1     1     1     1     0 50291
 56793 56795 56796 56794 55580 55578 55577 55579     1     1     1     1     0 50297
 56795 56798 56797 56796 55578 55575 55576 55577     1     1     1     1     0 50303
 56799 56800 56802 56806 55574 55573 55571 55567     1     1     1     1     0 50309
 56806 56802 56801 56805 55567 55571 55572 55568     1     1     1     1     0 50315
 56803 56806 56805 56804 55570 55567 55568 55569     1     1     1     1     0 50321
 56815 56811 56808 56807 55558 55562 55565 55566     1     1     1     1     0 50327
 56809 56816 56813 56810 55564 55557 55560 55563     1     1     1     1     0 50333
 56816 56812 56811 56815 55557 55561 55562 55558     1     1     1     1     0 50339
 56813 56816 56815 56814 55560 55557 55558 55559     1     1     1     1     0 50345
 60198 55767 55761 60001 59859 55882 55766 60021     1     1     1     1     0 53287
 60199 55768 55767 60198 59858 55883 55882 59859     1     1     1     1     0 53293
 60200 55769 55768 60199 59857 55884 55883 59858     1     1     1     1     0 53299
 60202 60004 59995 59899 59855 60024 60000 59976     1     1     1     1     0 53305
 60203 60003 60004 60202 59854 60023 60024 59855     1     1     1     1     0 53311
 60201 60002 60003 60203 59856 60022 60023 59854     1     1     1     1     0 53317
 60198 60001 60002 60201 59859 60021 60022 59856     1     1     1     1     0 53323
 60204 55770 55769 60200 59853 55885 55884 59857     1     1     1     1     0 53329
 60205 55771 55770 60204 59852 55886 55885 59853     1     1     1     1     0 53335
 60206 55772 55771 60205 59851 55887 55886 59852     1     1     1     1     0 53341
 60207 55773 55772 60206 59850 55888 55887 59851     1     1     1     1     0 53347
 60209 55774 55773 60207 59848 55889 55888 59850     1     1     1     1     0 53353
 60202 59899 59898 60218 59855 59976 59977 59839     1     1     1     1     0 53359
 60211 55775 55774 60209 59846 55890 55889 59848     1     1     1     1     0 53365
 60218 59898 59897 60217 59839 59977 59978 59840     1     1     1     1     0 53371
 60213 55776 55775 60211 59844 55891 55890 59846     1     1     1     1     0 53377
 60217 59897 59896 60216 59840 59978 59979 59841     1     1     1     1     0 53383
 60214 55777 55776 60213 59843 55892 55891 59844     1     1     1     1     0 53389
 60216 59896 59895 60208 59841 59979 59980 59849     1     1     1     1     0 53395
 60215 55778 55777 60214 59842 55893 55892 59843     1     1     1     1     0 53401
 60208 59895 59894 60210 59849 59980 59981 59847     1     1     1     1     0 53407
 60210 59894 59893 60212 59847 59981 59982 59845     1     1     1     1     0 53413
 60189 55779 55778 60215 59868 55894 55893 59842     1     1     1     1     0 53419
 59881 59875 59869 60228 59994 59880 59874 59829     1     1     1     1     0 53425
 60228 59869 55905 55789 59829 59874 55910 55904     1     1     1     1     0 53431
 60212 59893 59892 60215 59845 59982 59983 59842     1     1     1     1     0 53437
 60190 55780 55779 60189 59867 55895 55894 59868     1     1     1     1     0 53443
 60215 59892 59891 60189 59842 59983 59984 59868     1     1     1     1     0 53449
 60191 55781 55780 60190 59866 55896 55895 59867     1     1     1     1     0 53455
 60189 59891 59890 60190 59868 59984 59985 59867     1     1     1     1     0 53461
 60191 60190 59890 59889 59866 59867 59985 59986     1     1     1     1     0 53467
 60192 55782 55781 60191 59865 55897 55896 59866     1     1     1     1     0 53473
 60192 60191 59889 59888 59865 59866 59986 59987     1     1     1     1     0 53479
 60193 55783 55782 60192 59864 55898 55897 59865     1     1     1     1     0 53485
 60193 60192 59888 59887 59864 59865 59987 59988     1     1     1     1     0 53491
 60194 55784 55783 60193 59863 55899 55898 59864     1     1     1     1     0 53497
 60194 60193 59887 59886 59863 59864 59988 59989     1     1     1     1     0 53503
 60195 55785 55784 60194 59862 55900 55899 59863     1     1     1     1     0 53509
 60195 60194 59886 59885 59862 59863 59989 59990     1     1     1     1     0 53515
 60196 55786 55785 60195 59861 55901 55900 59862     1     1     1     1     0 53521
 60196 60195 59885 59884 59861 59862 59990 59991     1     1     1     1     0 53527
 60196 59884 59883 60197 59861 59991 59992 59860     1     1     1     1     0 53533
 55787 55786 60196 60197 55902 55901 59861 59860     1     1     1     1     0 53539
 60197 59883 59882 60229 59860 59992 59993 59828     1     1     1     1     0 53545
 55788 55787 60197 60229 55903 55902 59860 59828     1     1     1     1     0 53551
 60219 60199 60198 60201 59838 59858 59859 59856     1     1     1     1     0 53557
 60220 60200 60199 60219 59837 59857 59858 59838     1     1     1     1     0 53563
 60226 60204 60200 60220 59831 59853 59857 59837     1     1     1     1     0 53569
 60219 60201 60203 60221 59838 59856 59854 59836     1     1     1     1     0 53575
 60221 60203 60202 60218 59836 59854 59855 59839     1     1     1     1     0 53581
 60227 60205 60204 60226 59830 59852 59853 59831     1     1     1     1     0 53587
 60223 60206 60205 60227 59834 59851 59852 59830     1     1     1     1     0 53593
 60216 60207 60206 60223 59841 59850 59851 59834     1     1     1     1     0 53599
 60208 60209 60207 60216 59849 59848 59850 59841     1     1     1     1     0 53605
 60210 60211 60209 60208 59847 59846 59848 59849     1     1     1     1     0 53611
 60213 60211 60210 60212 59844 59846 59847 59845     1     1     1     1     0 53617
 60212 60215 60214 60213 59845 59842 59843 59844     1     1     1     1     0 53623
 60224 60217 60216 60223 59833 59840 59841 59834     1     1     1     1     0 53629
 60221 60218 60217 60224 59836 59839 59840 59833     1     1     1     1     0 53635
 60222 60220 60219 60221 59835 59837 59838 59836     1     1     1     1     0 53641
 60225 60226 60220 60222 59832 59831 59837 59835     1     1     1     1     0 53647
 60225 60222 60221 60224 59832 59835 59836 59833     1     1     1     1     0 53653
 60225 60224 60223 60227 59832 59833 59834 59830     1     1     1     1     0 53659
 60227 60226 60225 60225 59830 59831 59832 59832     1     1     1     1     0 53665
 60229 59882 59881 60228 59828 59993 59994 59829     1     1     1     1     0 53671
 55788 60229 60228 55789 55903 59828 59829 55904     1     1     1     1     0 53677
 61695 61694 61687 61825 61808 61689 61688 61682     1     1     1     1     0 55025
 61696 61695 61825 61830 61807 61808 61682 61681     1     1     1     1     0 55031
 61697 61696 61830 61835 61806 61807 61681 61680     1     1     1     1     0 55037
 61698 61697 61835 61840 61805 61806 61680 61679     1     1     1     1     0 55043
 61699 61698 61840 61845 61804 61805 61679 61678     1     1     1     1     0 55049
 61700 61699 61845 61850 61803 61804 61678 61677     1     1     1     1     0 55055
 61701 61700 61850 61855 61802 61803 61677 61676     1     1     1     1     0 55061
 61702 61701 61855 61860 61801 61802 61676 61675     1     1     1     1     0 55067
 61703 61702 61860 61865 61800 61801 61675 61674     1     1     1     1     0 55073
 61704 61703 61865 61870 61799 61800 61674 61673     1     1     1     1     0 55079
 61705 61704 61870 61875 61798 61799 61673 61672     1     1     1     1     0 55085
 61706 61705 61875 61880 61797 61798 61672 61671     1     1     1     1     0 55091
 61707 61706 61880 61885 61796 61797 61671 61670     1     1     1     1     0 55097
 61708 61707 61885 61890 61795 61796 61670 61669     1     1     1     1     0 55103
 61709 61708 61890 61895 61794 61795 61669 61668     1     1     1     1     0 55109
 61710 61709 61895 61900 61793 61794 61668 61667     1     1     1     1     0 55115
 61711 61710 61900 61905 61792 61793 61667 61666     1     1     1     1     0 55121
 61712 61711 61905 61910 61791 61792 61666 61665     1     1     1     1     0 55127
 61713 61712 61910 61915 61790 61791 61665 61664     1     1     1     1     0 55133
 61814 61713 61915 61819 61809 61790 61664 61820     1     1     1     1     0 55139
 61825 61687 59875 59881 61682 61688 59880 59994     1     1     1     1     0 55145
 61830 61825 59881 59882 61681 61682 59994 59993     1     1     1     1     0 55151
 61835 61830 59882 59883 61680 61681 59993 59992     1     1     1     1     0 55157
 61840 61835 59883 59884 61679 61680 59992 59991     1     1     1     1     0 55163
 61845 61840 59884 59885 61678 61679 59991 59990     1     1     1     1     0 55169
 61850 61845 59885 59886 61677 61678 59990 59989     1     1     1     1     0 55175
 61855 61850 59886 59887 61676 61677 59989 59988     1     1     1     1     0 55181
 61860 61855 59887 59888 61675 61676 59988 59987     1     1     1     1     0 55187
 61865 61860 59888 59889 61674 61675 59987 59986     1     1     1     1     0 55193
 61870 61865 59889 59890 61673 61674 59986 59985     1     1     1     1     0 55199
 61875 61870 59890 59891 61672 61673 59985 59984     1     1     1     1     0 55205
 61880 61875 59891 59892 61671 61672 59984 59983     1     1     1     1     0 55211
 61885 61880 59892 59893 61670 61671 59983 59982     1     1     1     1     0 55217
 61890 61885 59893 59894 61669 61670 59982 59981     1     1     1     1     0 55223
 61895 61890 59894 59895 61668 61669 59981 59980     1     1     1     1     0 55229
 61900 61895 59895 59896 61667 61668 59980 59979     1     1     1     1     0 55235
 61905 61900 59896 59897 61666 61667 59979 59978     1     1     1     1     0 55241
 61910 61905 59897 59898 61665 61666 59978 59977     1     1     1     1     0 55247
 61915 61910 59898 59899 61664 61665 59977 59976     1     1     1     1     0 55253
 61819 61915 59899 59995 61820 61664 59976 60000     1     1     1     1     0 55259
