 36002 35919 35990 35991 36101 36111 36063 36087     1     1     1     1     0 30557
 36001 35920 35919 36002 36102 36112 36111 36101     1     1     1     1     0 30559
 36000 35921 35920 36001 36103 36113 36112 36102     1     1     1     1     0 30561
 35999 35922 35921 36000 36104 36114 36113 36103     1     1     1     1     0 30563
 35998 35923 35922 35999 36105 36115 36114 36104     1     1     1     1     0 30565
 35919 35924 35989 35990 36111 36116 36064 36063     1     1     1     1     0 30569
 35920 35925 35924 35919 36112 36117 36116 36111     1     1     1     1     0 30571
 35921 35926 35925 35920 36113 36118 36117 36112     1     1     1     1     0 30573
 35922 35927 35926 35921 36114 36119 36118 36113     1     1     1     1     0 30575
 35923 35928 35927 35922 36115 36120 36119 36114     1     1     1     1     0 30577
 35924 35929 35988 35989 36116 36121 36065 36064     1     1     1     1     0 30581
 35925 35930 35929 35924 36117 36122 36121 36116     1     1     1     1     0 30583
 35926 35931 35930 35925 36118 36123 36122 36117     1     1     1     1     0 30585
 35927 35932 35931 35926 36119 36124 36123 36118     1     1     1     1     0 30587
 35928 35933 35932 35927 36120 36125 36124 36119     1     1     1     1     0 30589
 35929 35934 35987 35988 36121 36126 36066 36065     1     1     1     1     0 30593
 35930 35935 35934 35929 36122 36127 36126 36121     1     1     1     1     0 30595
 35931 35936 35935 35930 36123 36128 36127 36122     1     1     1     1     0 30597
 35932 35937 35936 35931 36124 36129 36128 36123     1     1     1     1     0 30599
 35933 35938 35937 35932 36125 36130 36129 36124     1     1     1     1     0 30601
 35934 35939 35986 35987 36126 36131 36067 36066     1     1     1     1     0 30605
 35935 35940 35939 35934 36127 36132 36131 36126     1     1     1     1     0 30607
 35936 35941 35940 35935 36128 36133 36132 36127     1     1     1     1     0 30609
 35937 35942 35941 35936 36129 36134 36133 36128     1     1     1     1     0 30611
 35938 35943 35942 35937 36130 36135 36134 36129     1     1     1     1     0 30613
 35939 35944 35985 35986 36131 36136 36068 36067     1     1     1     1     0 30617
 35940 35945 35944 35939 36132 36137 36136 36131     1     1     1     1     0 30619
 35941 35946 35945 35940 36133 36138 36137 36132     1     1     1     1     0 30621
 35942 35947 35946 35941 36134 36139 36138 36133     1     1     1     1     0 30623
 35943 35948 35947 35942 36135 36140 36139 36134     1     1     1     1     0 30625
 35944 35949 35984 35985 36136 36141 36069 36068     1     1     1     1     0 30629
 35945 35950 35949 35944 36137 36142 36141 36136     1     1     1     1     0 30631
 35946 35951 35950 35945 36138 36143 36142 36137     1     1     1     1     0 30633
 35947 35952 35951 35946 36139 36144 36143 36138     1     1     1     1     0 30635
 35948 35953 35952 35947 36140 36145 36144 36139     1     1     1     1     0 30637
 35949 35954 35983 35984 36141 36146 36070 36069     1     1     1     1     0 30641
 35950 35955 35954 35949 36142 36147 36146 36141     1     1     1     1     0 30643
 35951 35956 35955 35950 36143 36148 36147 36142     1     1     1     1     0 30645
 35952 35957 35956 35951 36144 36149 36148 36143     1     1     1     1     0 30647
 35953 35958 35957 35952 36145 36150 36149 36144     1     1     1     1     0 30649
 35954 35959 35982 35983 36146 36151 36071 36070     1     1     1     1     0 30653
 35955 35960 35959 35954 36147 36152 36151 36146     1     1     1     1     0 30655
 35956 35961 35960 35955 36148 36153 36152 36147     1     1     1     1     0 30657
 35957 35962 35961 35956 36149 36154 36153 36148     1     1     1     1     0 30659
 35958 35963 35962 35957 36150 36155 36154 36149     1     1     1     1     0 30661
 35959 35964 35981 35982 36151 36156 36072 36071     1     1     1     1     0 30665
 35960 35965 35964 35959 36152 36157 36156 36151     1     1     1     1     0 30667
 35961 35966 35965 35960 36153 36158 36157 36152     1     1     1     1     0 30669
 35962 35967 35966 35961 36154 36159 36158 36153     1     1     1     1     0 30671
 35963 35968 35967 35962 36155 36160 36159 36154     1     1     1     1     0 30673
 35964 35969 35980 35981 36156 36161 36073 36072     1     1     1     1     0 30677
 35965 35970 35969 35964 36157 36162 36161 36156     1     1     1     1     0 30679
 35966 35971 35970 35965 36158 36163 36162 36157     1     1     1     1     0 30681
 35967 35972 35971 35966 36159 36164 36163 36158     1     1     1     1     0 30683
 35968 35973 35972 35967 36160 36165 36164 36159     1     1     1     1     0 30685
 35969 35974 35979 35980 36161 36166 36074 36073     1     1     1     1     0 30689
 35970 35975 35974 35969 36162 36167 36166 36161     1     1     1     1     0 30691
 35971 35976 35975 35970 36163 36168 36167 36162     1     1     1     1     0 30693
 35972 35977 35976 35971 36164 36169 36168 36163     1     1     1     1     0 30695
 35973 35978 35977 35972 36165 36170 36169 36164     1     1     1     1     0 30697
 35974 35997 35992 35979 36166 36095 36089 36074     1     1     1     1     0 30701
 35975 35996 35997 35974 36167 36094 36095 36166     1     1     1     1     0 30703
 35976 35995 35996 35975 36168 36093 36094 36167     1     1     1     1     0 30705
 35977 35994 35995 35976 36169 36092 36093 36168     1     1     1     1     0 30707
 35978 35993 35994 35977 36170 36091 36092 36169     1     1     1     1     0 30709
 39209 39310 39311 39210 39434 39425 39426 39489     1     1     1     1     0 33623
 39211 39309 39310 39209 39435 39424 39425 39434     1     1     1     1     0 33625
 39212 39308 39309 39211 39436 39423 39424 39435     1     1     1     1     0 33627
 39213 39307 39308 39212 39437 39422 39423 39436     1     1     1     1     0 33629
 39214 39306 39307 39213 39438 39421 39422 39437     1     1     1     1     0 33631
 39215 39305 39306 39214 39517 39420 39421 39438     1     1     1     1     0 33633
 39216 39209 39210 39217 39439 39434 39489 39490     1     1     1     1     0 33635
 39218 39211 39209 39216 39440 39435 39434 39439     1     1     1     1     0 33637
 39219 39212 39211 39218 39441 39436 39435 39440     1     1     1     1     0 33639
 39220 39213 39212 39219 39442 39437 39436 39441     1     1     1     1     0 33641
 39221 39214 39213 39220 39443 39438 39437 39442     1     1     1     1     0 33643
 39222 39215 39214 39221 39516 39517 39438 39443     1     1     1     1     0 33645
 39223 39216 39217 39224 39444 39439 39490 39491     1     1     1     1     0 33647
 39225 39218 39216 39223 39445 39440 39439 39444     1     1     1     1     0 33649
 39226 39219 39218 39225 39446 39441 39440 39445     1     1     1     1     0 33651
 39227 39220 39219 39226 39447 39442 39441 39446     1     1     1     1     0 33653
 39228 39221 39220 39227 39448 39443 39442 39447     1     1     1     1     0 33655
 39229 39222 39221 39228 39515 39516 39443 39448     1     1     1     1     0 33657
 39230 39223 39224 39231 39449 39444 39491 39492     1     1     1     1     0 33659
 39232 39225 39223 39230 39450 39445 39444 39449     1     1     1     1     0 33661
 39233 39226 39225 39232 39451 39446 39445 39450     1     1     1     1     0 33663
 39234 39227 39226 39233 39452 39447 39446 39451     1     1     1     1     0 33665
 39235 39228 39227 39234 39453 39448 39447 39452     1     1     1     1     0 33667
 39236 39229 39228 39235 39514 39515 39448 39453     1     1     1     1     0 33669
 39237 39230 39231 39238 39454 39449 39492 39493     1     1     1     1     0 33671
 39239 39232 39230 39237 39455 39450 39449 39454     1     1     1     1     0 33673
 39240 39233 39232 39239 39456 39451 39450 39455     1     1     1     1     0 33675
 39241 39234 39233 39240 39457 39452 39451 39456     1     1     1     1     0 33677
 39242 39235 39234 39241 39458 39453 39452 39457     1     1     1     1     0 33679
 39243 39236 39235 39242 39513 39514 39453 39458     1     1     1     1     0 33681
 39244 39237 39238 39245 39459 39454 39493 39494     1     1     1     1     0 33683
 39246 39239 39237 39244 39460 39455 39454 39459     1     1     1     1     0 33685
 39247 39240 39239 39246 39461 39456 39455 39460     1     1     1     1     0 33687
 39248 39241 39240 39247 39462 39457 39456 39461     1     1     1     1     0 33689
 39249 39242 39241 39248 39463 39458 39457 39462     1     1     1     1     0 33691
 39250 39243 39242 39249 39512 39513 39458 39463     1     1     1     1     0 33693
 39251 39244 39245 39252 39464 39459 39494 39495     1     1     1     1     0 33695
 39253 39246 39244 39251 39465 39460 39459 39464     1     1     1     1     0 33697
 39254 39247 39246 39253 39466 39461 39460 39465     1     1     1     1     0 33699
 39255 39248 39247 39254 39467 39462 39461 39466     1     1     1     1     0 33701
 39256 39249 39248 39255 39468 39463 39462 39467     1     1     1     1     0 33703
 39257 39250 39249 39256 39511 39512 39463 39468     1     1     1     1     0 33705
 39258 39251 39252 39259 39469 39464 39495 39496     1     1     1     1     0 33707
 39260 39253 39251 39258 39470 39465 39464 39469     1     1     1     1     0 33709
 39261 39254 39253 39260 39471 39466 39465 39470     1     1     1     1     0 33711
 39262 39255 39254 39261 39472 39467 39466 39471     1     1     1     1     0 33713
 39263 39256 39255 39262 39473 39468 39467 39472     1     1     1     1     0 33715
 39264 39257 39256 39263 39510 39511 39468 39473     1     1     1     1     0 33717
 39265 39258 39259 39266 39474 39469 39496 39497     1     1     1     1     0 33719
 39267 39260 39258 39265 39475 39470 39469 39474     1     1     1     1     0 33721
 39268 39261 39260 39267 39476 39471 39470 39475     1     1     1     1     0 33723
 39269 39262 39261 39268 39477 39472 39471 39476     1     1     1     1     0 33725
 39270 39263 39262 39269 39478 39473 39472 39477     1     1     1     1     0 33727
 39271 39264 39263 39270 39509 39510 39473 39478     1     1     1     1     0 33729
 39272 39265 39266 39273 39479 39474 39497 39498     1     1     1     1     0 33731
 39274 39267 39265 39272 39480 39475 39474 39479     1     1     1     1     0 33733
 39275 39268 39267 39274 39481 39476 39475 39480     1     1     1     1     0 33735
 39276 39269 39268 39275 39482 39477 39476 39481     1     1     1     1     0 33737
 39277 39270 39269 39276 39483 39478 39477 39482     1     1     1     1     0 33739
 39278 39271 39270 39277 39508 39509 39478 39483     1     1     1     1     0 33741
 39279 39272 39273 39280 39484 39479 39498 39499     1     1     1     1     0 33743
 39281 39274 39272 39279 39485 39480 39479 39484     1     1     1     1     0 33745
 39282 39275 39274 39281 39486 39481 39480 39485     1     1     1     1     0 33747
 39283 39276 39275 39282 39487 39482 39481 39486     1     1     1     1     0 33749
 39284 39277 39276 39283 39488 39483 39482 39487     1     1     1     1     0 33751
 39285 39278 39277 39284 39507 39508 39483 39488     1     1     1     1     0 33753
 39286 39279 39280 39287 39501 39484 39499 39500     1     1     1     1     0 33755
 39288 39281 39279 39286 39502 39485 39484 39501     1     1     1     1     0 33757
 39289 39282 39281 39288 39503 39486 39485 39502     1     1     1     1     0 33759
 39290 39283 39282 39289 39504 39487 39486 39503     1     1     1     1     0 33761
 39291 39284 39283 39290 39505 39488 39487 39504     1     1     1     1     0 33763
 39292 39285 39284 39291 39506 39507 39488 39505     1     1     1     1     0 33765
 39311 39304 39303 39210 39426 39418 39406 39489     1     1     1     1     0 33767
 39210 39303 39302 39217 39489 39406 39405 39490     1     1     1     1     0 33769
 39217 39302 39301 39224 39490 39405 39404 39491     1     1     1     1     0 33771
 39224 39301 39300 39231 39491 39404 39403 39492     1     1     1     1     0 33773
 39231 39300 39299 39238 39492 39403 39402 39493     1     1     1     1     0 33775
 39238 39299 39298 39245 39493 39402 39401 39494     1     1     1     1     0 33777
 39245 39298 39297 39252 39494 39401 39400 39495     1     1     1     1     0 33779
 39252 39297 39296 39259 39495 39400 39399 39496     1     1     1     1     0 33781
 39259 39296 39295 39266 39496 39399 39398 39497     1     1     1     1     0 33783
 39266 39295 39294 39273 39497 39398 39397 39498     1     1     1     1     0 33785
 39273 39294 39293 39280 39498 39397 39396 39499     1     1     1     1     0 33787
 39280 39293 35992 39287 39499 39396 36089 39500     1     1     1     1     0 33789
 39287 35992 35997 39286 39500 36089 36095 39501     1     1     1     1     0 33791
 39286 35997 35996 39288 39501 36095 36094 39502     1     1     1     1     0 33793
 39288 35996 35995 39289 39502 36094 36093 39503     1     1     1     1     0 33795
 39289 35995 35994 39290 39503 36093 36092 39504     1     1     1     1     0 33797
 39290 35994 35993 39291 39504 36092 36091 39505     1     1     1     1     0 33799
 39291 35993 31159 39292 39505 36091 31173 39506     1     1     1     1     0 33801
 42186 39304 39311 42147 42230 39418 39426 42256     1     1     1     1     0 36437
 42147 39311 39310 42148 42256 39426 39425 42257     1     1     1     1     0 36439
 42148 39310 39309 42149 42257 39425 39424 42258     1     1     1     1     0 36441
 42149 39309 39308 42150 42258 39424 39423 42259     1     1     1     1     0 36443
 42150 39308 39307 42151 42259 39423 39422 42260     1     1     1     1     0 36445
 42151 39307 39306 42152 42260 39422 39421 42261     1     1     1     1     0 36447
 42152 39306 39305 42153 42261 39421 39420 42262     1     1     1     1     0 36449
 42185 42186 42147 42154 42231 42230 42256 42263     1     1     1     1     0 36453
 42154 42147 42148 42155 42263 42256 42257 42264     1     1     1     1     0 36455
 42155 42148 42149 42156 42264 42257 42258 42265     1     1     1     1     0 36457
 42156 42149 42150 42157 42265 42258 42259 42266     1     1     1     1     0 36459
 42157 42150 42151 42158 42266 42259 42260 42267     1     1     1     1     0 36461
 42158 42151 42152 42159 42267 42260 42261 42268     1     1     1     1     0 36463
 42159 42152 42153 42160 42268 42261 42262 42269     1     1     1     1     0 36465
 42184 42185 42154 42161 42232 42231 42263 42270     1     1     1     1     0 36469
 42161 42154 42155 42162 42270 42263 42264 42271     1     1     1     1     0 36471
 42162 42155 42156 42163 42271 42264 42265 42272     1     1     1     1     0 36473
 42163 42156 42157 42164 42272 42265 42266 42273     1     1     1     1     0 36475
 42164 42157 42158 42165 42273 42266 42267 42274     1     1     1     1     0 36477
 42165 42158 42159 42166 42274 42267 42268 42275     1     1     1     1     0 36479
 42166 42159 42160 42167 42275 42268 42269 42276     1     1     1     1     0 36481
 42183 42184 42161 42168 42233 42232 42270 42277     1     1     1     1     0 36485
 42168 42161 42162 42169 42277 42270 42271 42278     1     1     1     1     0 36487
 42169 42162 42163 42170 42278 42271 42272 42279     1     1     1     1     0 36489
 42170 42163 42164 42171 42279 42272 42273 42280     1     1     1     1     0 36491
 42171 42164 42165 42172 42280 42273 42274 42281     1     1     1     1     0 36493
 42172 42165 42166 42173 42281 42274 42275 42282     1     1     1     1     0 36495
 42173 42166 42167 42174 42282 42275 42276 42283     1     1     1     1     0 36497
 42182 42183 42168 42175 42234 42233 42277 42284     1     1     1     1     0 36501
 42175 42168 42169 42176 42284 42277 42278 42285     1     1     1     1     0 36503
 42176 42169 42170 42177 42285 42278 42279 42286     1     1     1     1     0 36505
 42177 42170 42171 42178 42286 42279 42280 42287     1     1     1     1     0 36507
 42178 42171 42172 42179 42287 42280 42281 42288     1     1     1     1     0 36509
 42179 42172 42173 42180 42288 42281 42282 42289     1     1     1     1     0 36511
 42180 42173 42174 42181 42289 42282 42283 42290     1     1     1     1     0 36513
 42187 42182 42175 42188 42241 42234 42284 42242     1     1     1     1     0 36517
 42188 42175 42176 42189 42242 42284 42285 42243     1     1     1     1     0 36519
 42189 42176 42177 42190 42243 42285 42286 42244     1     1     1     1     0 36521
 42190 42177 42178 42191 42244 42286 42287 42245     1     1     1     1     0 36523
 42191 42178 42179 42192 42245 42287 42288 42246     1     1     1     1     0 36525
 42192 42179 42180 42193 42246 42288 42289 42247     1     1     1     1     0 36527
 42193 42180 42181 42194 42247 42289 42290 42248     1     1     1     1     0 36529
 42194 42248 44371 44211 42193 42247 44379 44219     1     1     1     1     0 38462
 42193 42247 44379 44219 42192 42246 44387 44227     1     1     1     1     0 38463
 42192 42246 44387 44227 42191 42245 44395 44235     1     1     1     1     0 38464
 42191 42245 44395 44235 42190 42244 44403 44243     1     1     1     1     0 38465
 42190 42244 44403 44243 42189 42243 44411 44251     1     1     1     1     0 38466
 42189 42243 44411 44251 42188 42242 44419 44259     1     1     1     1     0 38467
 42188 42242 44419 44259 42187 42241 44290 44274     1     1     1     1     0 38468
 44211 44371 44372 44212 44219 44379 44380 44220     1     1     1     1     0 38478
 44219 44379 44380 44220 44227 44387 44388 44228     1     1     1     1     0 38479
 44227 44387 44388 44228 44235 44395 44396 44236     1     1     1     1     0 38480
 44235 44395 44396 44236 44243 44403 44404 44244     1     1     1     1     0 38481
 44243 44403 44404 44244 44251 44411 44412 44252     1     1     1     1     0 38482
 44251 44411 44412 44252 44259 44419 44420 44260     1     1     1     1     0 38483
 44259 44419 44420 44260 44274 44290 44289 44273     1     1     1     1     0 38484
 44212 44372 44373 44213 44220 44380 44381 44221     1     1     1     1     0 38494
 44220 44380 44381 44221 44228 44388 44389 44229     1     1     1     1     0 38495
 44228 44388 44389 44229 44236 44396 44397 44237     1     1     1     1     0 38496
 44236 44396 44397 44237 44244 44404 44405 44245     1     1     1     1     0 38497
 44244 44404 44405 44245 44252 44412 44413 44253     1     1     1     1     0 38498
 44252 44412 44413 44253 44260 44420 44421 44261     1     1     1     1     0 38499
 44260 44420 44421 44261 44273 44289 44288 44272     1     1     1     1     0 38500
 44213 44373 44374 44214 44221 44381 44382 44222     1     1     1     1     0 38510
 44221 44381 44382 44222 44229 44389 44390 44230     1     1     1     1     0 38511
 44229 44389 44390 44230 44237 44397 44398 44238     1     1     1     1     0 38512
 44237 44397 44398 44238 44245 44405 44406 44246     1     1     1     1     0 38513
 44245 44405 44406 44246 44253 44413 44414 44254     1     1     1     1     0 38514
 44253 44413 44414 44254 44261 44421 44422 44262     1     1     1     1     0 38515
 44261 44421 44422 44262 44272 44288 44287 44271     1     1     1     1     0 38516
 44214 44374 44375 44215 44222 44382 44383 44223     1     1     1     1     0 38526
 44222 44382 44383 44223 44230 44390 44391 44231     1     1     1     1     0 38527
 44230 44390 44391 44231 44238 44398 44399 44239     1     1     1     1     0 38528
 44238 44398 44399 44239 44246 44406 44407 44247     1     1     1     1     0 38529
 44246 44406 44407 44247 44254 44414 44415 44255     1     1     1     1     0 38530
 44254 44414 44415 44255 44262 44422 44423 44263     1     1     1     1     0 38531
 44262 44422 44423 44263 44271 44287 44286 44270     1     1     1     1     0 38532
 44215 44375 44376 44216 44223 44383 44384 44224     1     1     1     1     0 38542
 44223 44383 44384 44224 44231 44391 44392 44232     1     1     1     1     0 38543
 44231 44391 44392 44232 44239 44399 44400 44240     1     1     1     1     0 38544
 44239 44399 44400 44240 44247 44407 44408 44248     1     1     1     1     0 38545
 44247 44407 44408 44248 44255 44415 44416 44256     1     1     1     1     0 38546
 44255 44415 44416 44256 44263 44423 44424 44264     1     1     1     1     0 38547
 44263 44423 44424 44264 44270 44286 44285 44269     1     1     1     1     0 38548
 44216 44376 44377 44217 44224 44384 44385 44225     1     1     1     1     0 38558
 44224 44384 44385 44225 44232 44392 44393 44233     1     1     1     1     0 38559
 44232 44392 44393 44233 44240 44400 44401 44241     1     1     1     1     0 38560
 44240 44400 44401 44241 44248 44408 44409 44249     1     1     1     1     0 38561
 44248 44408 44409 44249 44256 44416 44417 44257     1     1     1     1     0 38562
 44256 44416 44417 44257 44264 44424 44425 44265     1     1     1     1     0 38563
 44264 44424 44425 44265 44269 44285 44284 44268     1     1     1     1     0 38564
 44217 44377 44378 44218 44225 44385 44386 44226     1     1     1     1     0 38574
 44225 44385 44386 44226 44233 44393 44394 44234     1     1     1     1     0 38575
 44233 44393 44394 44234 44241 44401 44402 44242     1     1     1     1     0 38576
 44241 44401 44402 44242 44249 44409 44410 44250     1     1     1     1     0 38577
 44249 44409 44410 44250 44257 44417 44418 44258     1     1     1     1     0 38578
 44257 44417 44418 44258 44265 44425 44426 44266     1     1     1     1     0 38579
 44265 44425 44426 44266 44268 44284 44283 44267     1     1     1     1     0 38580
 44218 44378 44363 44281 44226 44386 44364 44280     1     1     1     1     0 38590
 44226 44386 44364 44280 44234 44394 44365 44279     1     1     1     1     0 38591
 44234 44394 44365 44279 44242 44402 44366 44278     1     1     1     1     0 38592
 44242 44402 44366 44278 44250 44410 44367 44277     1     1     1     1     0 38593
 44250 44410 44367 44277 44258 44418 44368 44276     1     1     1     1     0 38594
 44258 44418 44368 44276 44266 44426 44369 44275     1     1     1     1     0 38595
 44266 44426 44369 44275 44267 44283 44370 44282     1     1     1     1     0 38596
 47238 35979 35992 47363 47545 36074 36089 47509     1     1     1     1     0 40981
 47239 35980 35979 47238 47546 36073 36074 47545     1     1     1     1     0 40983
 47240 35981 35980 47239 47547 36072 36073 47546     1     1     1     1     0 40985
 47241 35982 35981 47240 47550 36071 36072 47547     1     1     1     1     0 40987
 47242 35983 35982 47241 47551 36070 36071 47550     1     1     1     1     0 40989
 47243 35984 35983 47242 47552 36069 36070 47551     1     1     1     1     0 40991
 47238 47363 47362 47244 47545 47509 47508 47548     1     1     1     1     0 40993
 47245 35985 35984 47243 47553 36068 36069 47552     1     1     1     1     0 40995
 47244 47362 47361 47246 47548 47508 47507 47575     1     1     1     1     0 40997
 47247 35986 35985 47245 47554 36067 36068 47553     1     1     1     1     0 40999
 47246 47361 47360 47248 47575 47507 47506 47577     1     1     1     1     0 41001
 47249 47374 35991 35990 47558 47523 36087 36063     1     1     1     1     0 41003
 47250 35987 35986 47247 47555 36066 36067 47554     1     1     1     1     0 41005
 47248 47360 47359 47251 47577 47506 47505 47578     1     1     1     1     0 41007
 47252 47373 47374 47249 47559 47524 47523 47558     1     1     1     1     0 41009
 47253 35988 35987 47250 47556 36065 36066 47555     1     1     1     1     0 41011
 47254 47372 47373 47252 47560 47525 47524 47559     1     1     1     1     0 41013
 47251 47359 47358 47255 47578 47505 47504 47579     1     1     1     1     0 41015
 47256 35989 35988 47253 47557 36064 36065 47556     1     1     1     1     0 41017
 47249 35990 35989 47256 47558 36063 36064 47557     1     1     1     1     0 41019
 47257 47371 47372 47254 47561 47526 47525 47560     1     1     1     1     0 41021
 47255 47358 47357 47258 47579 47504 47503 47580     1     1     1     1     0 41023
 47259 47370 47371 47257 47562 47527 47526 47561     1     1     1     1     0 41025
 47260 47369 47370 47259 47563 47528 47527 47562     1     1     1     1     0 41027
 47261 47348 47347 47262 47574 47479 47480 47573     1     1     1     1     0 41029
 47351 47350 47348 47261 47497 47496 47479 47574     1     1     1     1     0 41031
 47263 47345 47344 47264 47571 47482 47483 47570     1     1     1     1     0 41033
 47265 47342 47349 47364 47568 47485 47493 47533     1     1     1     1     0 41035
 47266 47343 47342 47265 47569 47484 47485 47568     1     1     1     1     0 41037
 47264 47344 47343 47266 47570 47483 47484 47569     1     1     1     1     0 41039
 47267 47346 47345 47263 47572 47481 47482 47571     1     1     1     1     0 41041
 47262 47347 47346 47267 47573 47480 47481 47572     1     1     1     1     0 41043
 47258 47357 47356 47268 47580 47503 47502 47581     1     1     1     1     0 41045
 47268 47356 47355 47269 47581 47502 47501 47582     1     1     1     1     0 41047
 47270 47368 47369 47260 47564 47529 47528 47563     1     1     1     1     0 41049
 47269 47355 47354 47271 47582 47501 47500 47583     1     1     1     1     0 41051
 47272 47367 47368 47270 47565 47530 47529 47564     1     1     1     1     0 41053
 47271 47354 47353 47273 47583 47500 47499 47584     1     1     1     1     0 41055
 47274 47366 47367 47272 47566 47531 47530 47565     1     1     1     1     0 41057
 47273 47353 47352 47275 47584 47499 47498 47601     1     1     1     1     0 41059
 47275 47352 47351 47261 47601 47498 47497 47574     1     1     1     1     0 41061
 47276 47365 47366 47274 47567 47532 47531 47566     1     1     1     1     0 41063
 47265 47364 47365 47276 47568 47533 47532 47567     1     1     1     1     0 41065
 47277 47239 47238 47244 47549 47546 47545 47548     1     1     1     1     0 41067
 47278 47240 47239 47277 47576 47547 47546 47549     1     1     1     1     0 41069
 47279 47241 47240 47278 47585 47550 47547 47576     1     1     1     1     0 41071
 47278 47277 47244 47246 47576 47549 47548 47575     1     1     1     1     0 41073
 47280 47242 47241 47279 47586 47551 47550 47585     1     1     1     1     0 41075
 47281 47243 47242 47280 47587 47552 47551 47586     1     1     1     1     0 41077
 47282 47245 47243 47281 47588 47553 47552 47587     1     1     1     1     0 41079
 47283 47247 47245 47282 47589 47554 47553 47588     1     1     1     1     0 41081
 47284 47250 47247 47283 47590 47555 47554 47589     1     1     1     1     0 41083
 47285 47253 47250 47284 47591 47556 47555 47590     1     1     1     1     0 41085
 47286 47256 47253 47285 47592 47557 47556 47591     1     1     1     1     0 41087
 47252 47249 47256 47286 47559 47558 47557 47592     1     1     1     1     0 41089
 47287 47254 47252 47286 47593 47560 47559 47592     1     1     1     1     0 41091
 47288 47257 47254 47287 47594 47561 47560 47593     1     1     1     1     0 41093
 47289 47259 47257 47288 47595 47562 47561 47594     1     1     1     1     0 41095
 47290 47260 47259 47289 47596 47563 47562 47595     1     1     1     1     0 41097
 47291 47270 47260 47290 47597 47564 47563 47596     1     1     1     1     0 41099
 47292 47272 47270 47291 47598 47565 47564 47597     1     1     1     1     0 41101
 47293 47274 47272 47292 47599 47566 47565 47598     1     1     1     1     0 41103
 47294 47276 47274 47293 47600 47567 47566 47599     1     1     1     1     0 41105
 47266 47265 47276 47294 47569 47568 47567 47600     1     1     1     1     0 41107
 47295 47264 47266 47294 47625 47570 47569 47600     1     1     1     1     0 41109
 47296 47263 47264 47295 47602 47571 47570 47625     1     1     1     1     0 41111
 47297 47267 47263 47296 47603 47572 47571 47602     1     1     1     1     0 41113
 47298 47262 47267 47297 47604 47573 47572 47603     1     1     1     1     0 41115
 47275 47261 47262 47298 47601 47574 47573 47604     1     1     1     1     0 41117
 47299 47246 47248 47300 47605 47575 47577 47606     1     1     1     1     0 41119
 47279 47278 47246 47299 47585 47576 47575 47605     1     1     1     1     0 41121
 47300 47248 47251 47301 47606 47577 47578 47607     1     1     1     1     0 41123
 47301 47251 47255 47302 47607 47578 47579 47608     1     1     1     1     0 41125
 47302 47255 47258 47303 47608 47579 47580 47609     1     1     1     1     0 41127
 47303 47258 47268 47304 47609 47580 47581 47610     1     1     1     1     0 41129
 47304 47268 47269 47305 47610 47581 47582 47611     1     1     1     1     0 41131
 47305 47269 47271 47306 47611 47582 47583 47612     1     1     1     1     0 41133
 47306 47271 47273 47307 47612 47583 47584 47636     1     1     1     1     0 41135
 47307 47273 47275 47308 47636 47584 47601 47639     1     1     1     1     0 41137
 47309 47280 47279 47299 47613 47586 47585 47605     1     1     1     1     0 41139
 47310 47281 47280 47309 47614 47587 47586 47613     1     1     1     1     0 41141
 47311 47282 47281 47310 47615 47588 47587 47614     1     1     1     1     0 41143
 47312 47283 47282 47311 47616 47589 47588 47615     1     1     1     1     0 41145
 47313 47284 47283 47312 47617 47590 47589 47616     1     1     1     1     0 41147
 47314 47285 47284 47313 47618 47591 47590 47617     1     1     1     1     0 41149
 47287 47286 47285 47314 47593 47592 47591 47618     1     1     1     1     0 41151
 47315 47288 47287 47314 47619 47594 47593 47618     1     1     1     1     0 41153
 47316 47289 47288 47315 47620 47595 47594 47619     1     1     1     1     0 41155
 47317 47290 47289 47316 47621 47596 47595 47620     1     1     1     1     0 41157
 47318 47291 47290 47317 47622 47597 47596 47621     1     1     1     1     0 41159
 47319 47292 47291 47318 47623 47598 47597 47622     1     1     1     1     0 41161
 47320 47293 47292 47319 47624 47599 47598 47623     1     1     1     1     0 41163
 47295 47294 47293 47320 47625 47600 47599 47624     1     1     1     1     0 41165
 47321 47308 47275 47298 47638 47639 47601 47604     1     1     1     1     0 41167
 47322 47297 47296 47295 47635 47603 47602 47625     1     1     1     1     0 41169
 47321 47298 47297 47322 47638 47604 47603 47635     1     1     1     1     0 41171
 47309 47299 47300 47323 47613 47605 47606 47632     1     1     1     1     0 41173
 47323 47300 47301 47324 47632 47606 47607 47640     1     1     1     1     0 41175
 47324 47301 47302 47325 47640 47607 47608 47648     1     1     1     1     0 41177
 47325 47302 47303 47326 47648 47608 47609 47647     1     1     1     1     0 41179
 47326 47303 47304 47327 47647 47609 47610 47631     1     1     1     1     0 41181
 47327 47304 47305 47328 47631 47610 47611 47629     1     1     1     1     0 41183
 47328 47305 47306 47329 47629 47611 47612 47627     1     1     1     1     0 41185
 47329 47306 47307 47330 47627 47612 47636 47637     1     1     1     1     0 41187
 47331 47310 47309 47323 47633 47614 47613 47632     1     1     1     1     0 41189
 47332 47311 47310 47331 47641 47615 47614 47633     1     1     1     1     0 41191
 47333 47312 47311 47332 47643 47616 47615 47641     1     1     1     1     0 41193
 47334 47313 47312 47333 47644 47617 47616 47643     1     1     1     1     0 41195
 47315 47314 47313 47334 47619 47618 47617 47644     1     1     1     1     0 41197
 47335 47316 47315 47334 47646 47620 47619 47644     1     1     1     1     0 41199
 47336 47317 47316 47335 47630 47621 47620 47646     1     1     1     1     0 41201
 47337 47318 47317 47336 47628 47622 47621 47630     1     1     1     1     0 41203
 47338 47319 47318 47337 47626 47623 47622 47628     1     1     1     1     0 41205
 47339 47320 47319 47338 47634 47624 47623 47626     1     1     1     1     0 41207
 47322 47295 47320 47339 47635 47625 47624 47634     1     1     1     1     0 41209
 47329 47330 47339 47338 47627 47637 47634 47626     1     1     1     1     0 41211
 47328 47329 47338 47337 47629 47627 47626 47628     1     1     1     1     0 41213
 47327 47328 47337 47336 47631 47629 47628 47630     1     1     1     1     0 41215
 47326 47327 47336 47335 47647 47631 47630 47646     1     1     1     1     0 41217
 47331 47340 47332 47332 47633 47642 47641 47641     1     1     1     1     0 41219
 47340 47331 47323 47324 47642 47633 47632 47640     1     1     1     1     0 41221
 47321 47322 47339 47330 47638 47635 47634 47637     1     1     1     1     0 41223
 47307 47308 47321 47330 47636 47639 47638 47637     1     1     1     1     0 41225
 47340 47324 47325 47341 47642 47640 47648 47645     1     1     1     1     0 41227
 47332 47340 47341 47333 47641 47642 47645 47643     1     1     1     1     0 41229
 47335 47334 47333 47341 47646 47644 47643 47645     1     1     1     1     0 41231
 47341 47325 47326 47335 47645 47648 47647 47646     1     1     1     1     0 41233
 53667 44274 44273 53668 54131 44290 44289 54130     1     1     1     1     0 47166
 53669 42187 44274 53667 54132 42241 44290 54131     1     1     1     1     0 47168
 53668 44273 44272 53670 54130 44289 44288 54129     1     1     1     1     0 47170
 53670 44272 44271 53671 54129 44288 44287 54128     1     1     1     1     0 47172
 53672 44270 44269 53673 54127 44286 44285 54126     1     1     1     1     0 47174
 53671 44271 44270 53672 54128 44287 44286 54127     1     1     1     1     0 47176
 53674 44267 44282 53841 54123 44283 44370 54101     1     1     1     1     0 47178
 53675 44268 44267 53674 54124 44284 44283 54123     1     1     1     1     0 47180
 53673 44269 44268 53675 54126 44285 44284 54124     1     1     1     1     0 47182
 53845 53846 53847 53676 54105 54099 54073 54146     1     1     1     1     0 47184
 54105 54099 54073 54146 54106 54100 54074 54027     1     1     1     1     0 47185
 53677 53844 53845 53676 54147 54104 54105 54146     1     1     1     1     0 47186
 53678 53843 53844 53677 54148 54103 54104 54147     1     1     1     1     0 47188
 53679 53842 53843 53678 54125 54102 54103 54148     1     1     1     1     0 47190
 53674 53841 53842 53679 54123 54101 54102 54125     1     1     1     1     0 47192
 53673 53675 53674 53679 54126 54124 54123 54125     1     1     1     1     0 47194
 53676 53847 53848 53680 54146 54073 54072 54165     1     1     1     1     0 47196
 54146 54073 54072 54165 54027 54074 54075 54008     1     1     1     1     0 47197
 53680 53848 53849 53681 54165 54072 54071 54166     1     1     1     1     0 47198
 54165 54072 54071 54166 54008 54075 54076 54007     1     1     1     1     0 47199
 53681 53849 53850 53682 54166 54071 54070 54173     1     1     1     1     0 47200
 54166 54071 54070 54173 54007 54076 54077 54000     1     1     1     1     0 47201
 53682 53850 53851 53683 54173 54070 54069 54176     1     1     1     1     0 47202
 54173 54070 54069 54176 54000 54077 54078 53997     1     1     1     1     0 47203
 53683 53851 53852 53684 54176 54069 54068 54179     1     1     1     1     0 47204
 54176 54069 54068 54179 53997 54078 54079 53994     1     1     1     1     0 47205
 47363 35992 39293 53685 47509 36089 39396 54149     1     1     1     1     0 47206
 53685 39293 39294 53686 54149 39396 39397 54164     1     1     1     1     0 47208
 53686 39294 39295 53687 54164 39397 39398 54256     1     1     1     1     0 47210
 53687 39295 39296 53688 54256 39398 39399 54259     1     1     1     1     0 47212
 53688 39296 39297 53689 54259 39399 39400 54145     1     1     1     1     0 47214
 53689 39297 39298 53690 54145 39400 39401 54144     1     1     1     1     0 47216
 53690 39298 39299 53691 54144 39401 39402 54143     1     1     1     1     0 47218
 53691 39299 39300 53692 54143 39402 39403 54142     1     1     1     1     0 47220
 53692 39300 39301 53693 54142 39403 39404 54141     1     1     1     1     0 47222
 53693 39301 39302 53694 54141 39404 39405 54140     1     1     1     1     0 47224
 53694 39302 39303 53695 54140 39405 39406 54139     1     1     1     1     0 47226
 53695 39303 39304 53696 54139 39406 39418 54138     1     1     1     1     0 47228
 53696 39304 42186 53697 54138 39418 42230 54137     1     1     1     1     0 47230
 53698 42182 42187 53669 54133 42234 42241 54132     1     1     1     1     0 47232
 53697 42186 42185 53699 54137 42230 42231 54136     1     1     1     1     0 47234
 53700 42183 42182 53698 54134 42233 42234 54133     1     1     1     1     0 47236
 53699 42185 42184 53701 54136 42231 42232 54135     1     1     1     1     0 47238
 53701 42184 42183 53700 54135 42232 42233 54134     1     1     1     1     0 47240
 53684 53852 53853 53702 54179 54068 54067 54182     1     1     1     1     0 47242
 54179 54068 54067 54182 53994 54079 54080 53991     1     1     1     1     0 47243
 53702 53853 53854 53703 54182 54067 54066 54185     1     1     1     1     0 47244
 54182 54067 54066 54185 53991 54080 54081 53988     1     1     1     1     0 47245
 53703 53854 53855 53704 54185 54066 54065 54188     1     1     1     1     0 47246
 54185 54066 54065 54188 53988 54081 54082 53985     1     1     1     1     0 47247
 53705 47362 47363 53685 54286 47508 47509 54149     1     1     1     1     0 47248
 53704 53855 53856 53706 54188 54065 54064 54191     1     1     1     1     0 47250
 54188 54065 54064 54191 53985 54082 54083 53982     1     1     1     1     0 47251
 53706 53856 53857 53707 54191 54064 54063 54192     1     1     1     1     0 47252
 54191 54064 54063 54192 53982 54083 54084 53981     1     1     1     1     0 47253
 53708 47361 47362 53705 54283 47507 47508 54286     1     1     1     1     0 47254
 53707 53857 53858 53709 54192 54063 54062 54193     1     1     1     1     0 47256
 54192 54063 54062 54193 53981 54084 54085 53980     1     1     1     1     0 47257
 53710 47360 47361 53708 54281 47506 47507 54283     1     1     1     1     0 47258
 53709 53858 53859 53711 54193 54062 54061 54194     1     1     1     1     0 47260
 54193 54062 54061 54194 53980 54085 54086 53979     1     1     1     1     0 47261
 53712 47359 47360 53710 54150 47505 47506 54281     1     1     1     1     0 47262
 53711 53859 53860 53713 54194 54061 54060 54195     1     1     1     1     0 47264
 54194 54061 54060 54195 53979 54086 54087 53978     1     1     1     1     0 47265
 53714 47358 47359 53712 54151 47504 47505 54150     1     1     1     1     0 47266
 53713 53860 53861 53715 54195 54060 54059 54196     1     1     1     1     0 47268
 54195 54060 54059 54196 53978 54087 54088 53977     1     1     1     1     0 47269
 53716 47357 47358 53714 54152 47503 47504 54151     1     1     1     1     0 47270
 53715 53861 53862 53717 54196 54059 54058 54197     1     1     1     1     0 47272
 54196 54059 54058 54197 53977 54088 54089 53976     1     1     1     1     0 47273
 53718 47356 47357 53716 54153 47502 47503 54152     1     1     1     1     0 47274
 53719 47355 47356 53718 54154 47501 47502 54153     1     1     1     1     0 47276
 53720 53873 53874 53721 54161 54114 54113 54160     1     1     1     1     0 47278
 53722 53872 53873 53720 54162 54115 54114 54161     1     1     1     1     0 47280
 53723 53871 53872 53722 54163 54116 54115 54162     1     1     1     1     0 47282
 53869 53870 53871 53723 54051 54097 54116 54163     1     1     1     1     0 47284
 54051 54097 54116 54163 54096 54098 54117 54010     1     1     1     1     0 47285
 53724 53875 53876 53725 54159 54112 54111 54158     1     1     1     1     0 47286
 53725 53876 47350 47351 54158 54111 47496 47497     1     1     1     1     0 47288
 53721 53874 53875 53724 54160 54113 54112 54159     1     1     1     1     0 47290
 53717 53862 53863 53726 54197 54058 54057 54198     1     1     1     1     0 47292
 54197 54058 54057 54198 53976 54089 54090 53975     1     1     1     1     0 47293
 53726 53863 53864 53727 54198 54057 54056 54199     1     1     1     1     0 47294
 54198 54057 54056 54199 53975 54090 54091 53974     1     1     1     1     0 47295
 53727 53864 53865 53728 54199 54056 54055 54200     1     1     1     1     0 47296
 54199 54056 54055 54200 53974 54091 54092 53973     1     1     1     1     0 47297
 53729 47354 47355 53719 54155 47500 47501 54154     1     1     1     1     0 47298
 53728 53865 53866 53730 54200 54055 54054 54201     1     1     1     1     0 47300
 54200 54055 54054 54201 53973 54092 54093 53972     1     1     1     1     0 47301
 53731 47353 47354 53729 54156 47499 47500 54155     1     1     1     1     0 47302
 53730 53866 53867 53732 54201 54054 54053 54260     1     1     1     1     0 47304
 54201 54054 54053 54260 53972 54093 54094 53913     1     1     1     1     0 47305
 53733 47352 47353 53731 54157 47498 47499 54156     1     1     1     1     0 47306
 53725 47351 47352 53733 54158 47497 47498 54157     1     1     1     1     0 47308
 53732 53867 53868 53734 54260 54053 54052 54262     1     1     1     1     0 47310
 54260 54053 54052 54262 53913 54094 54095 53911     1     1     1     1     0 47311
 53734 53868 53869 53723 54262 54052 54051 54163     1     1     1     1     0 47312
 54262 54052 54051 54163 53911 54095 54096 54010     1     1     1     1     0 47313
 53735 53673 53679 53678 54168 54126 54125 54148     1     1     1     1     0 47314
 53736 53672 53673 53735 54169 54127 54126 54168     1     1     1     1     0 47316
 53737 53671 53672 53736 54170 54128 54127 54169     1     1     1     1     0 47318
 53738 53670 53671 53737 54172 54129 54128 54170     1     1     1     1     0 47320
 53739 53668 53670 53738 54175 54130 54129 54172     1     1     1     1     0 47322
 53740 53667 53668 53739 54178 54131 54130 54175     1     1     1     1     0 47324
 53741 53669 53667 53740 54181 54132 54131 54178     1     1     1     1     0 47326
 53742 53698 53669 53741 54184 54133 54132 54181     1     1     1     1     0 47328
 53743 53700 53698 53742 54187 54134 54133 54184     1     1     1     1     0 47330
 53744 53701 53700 53743 54190 54135 54134 54187     1     1     1     1     0 47332
 53745 53699 53701 53744 54268 54136 54135 54190     1     1     1     1     0 47334
 53746 53697 53699 53745 54265 54137 54136 54268     1     1     1     1     0 47336
 53747 53696 53697 53746 54208 54138 54137 54265     1     1     1     1     0 47338
 53748 53695 53696 53747 54209 54139 54138 54208     1     1     1     1     0 47340
 53749 53694 53695 53748 54210 54140 54139 54209     1     1     1     1     0 47342
 53750 53693 53694 53749 54211 54141 54140 54210     1     1     1     1     0 47344
 53751 53692 53693 53750 54212 54142 54141 54211     1     1     1     1     0 47346
 53752 53691 53692 53751 54213 54143 54142 54212     1     1     1     1     0 47348
 53753 53690 53691 53752 54288 54144 54143 54213     1     1     1     1     0 47350
 53754 53689 53690 53753 54287 54145 54144 54288     1     1     1     1     0 47352
 53755 53688 53689 53754 54258 54259 54145 54287     1     1     1     1     0 47354
 53756 53677 53676 53680 54167 54147 54146 54165     1     1     1     1     0 47356
 53735 53678 53677 53756 54168 54148 54147 54167     1     1     1     1     0 47358
 53757 53705 53685 53686 54285 54286 54149 54164     1     1     1     1     0 47360
 53758 53712 53710 53759 54202 54150 54281 54282     1     1     1     1     0 47362
 53760 53714 53712 53758 54203 54151 54150 54202     1     1     1     1     0 47364
 53761 53716 53714 53760 54204 54152 54151 54203     1     1     1     1     0 47366
 53762 53718 53716 53761 54205 54153 54152 54204     1     1     1     1     0 47368
 53763 53719 53718 53762 54206 54154 54153 54205     1     1     1     1     0 47370
 53764 53729 53719 53763 54207 54155 54154 54206     1     1     1     1     0 47372
 53765 53731 53729 53764 54273 54156 54155 54207     1     1     1     1     0 47374
 53766 53733 53731 53765 54274 54157 54156 54273     1     1     1     1     0 47376
 53724 53725 53733 53766 54159 54158 54157 54274     1     1     1     1     0 47378
 53767 53721 53724 53766 54278 54160 54159 54274     1     1     1     1     0 47380
 53768 53720 53721 53767 54275 54161 54160 54278     1     1     1     1     0 47382
 53769 53722 53720 53768 54261 54162 54161 54275     1     1     1     1     0 47384
 53734 53723 53722 53769 54262 54163 54162 54261     1     1     1     1     0 47386
 53757 53686 53687 53770 54285 54164 54256 54257     1     1     1     1     0 47388
 53756 53680 53681 53771 54167 54165 54166 54171     1     1     1     1     0 47390
 53771 53681 53682 53772 54171 54166 54173 54174     1     1     1     1     0 47392
 53736 53735 53756 53771 54169 54168 54167 54171     1     1     1     1     0 47394
 53738 53737 53736 53771 54172 54170 54169 54171     1     1     1     1     0 47396
 53739 53738 53771 53772 54175 54172 54171 54174     1     1     1     1     0 47398
 53772 53682 53683 53773 54174 54173 54176 54177     1     1     1     1     0 47400
 53740 53739 53772 53773 54178 54175 54174 54177     1     1     1     1     0 47402
 53773 53683 53684 53774 54177 54176 54179 54180     1     1     1     1     0 47404
 53741 53740 53773 53774 54181 54178 54177 54180     1     1     1     1     0 47406
 53774 53684 53702 53775 54180 54179 54182 54183     1     1     1     1     0 47408
 53742 53741 53774 53775 54184 54181 54180 54183     1     1     1     1     0 47410
 53775 53702 53703 53776 54183 54182 54185 54186     1     1     1     1     0 47412
 53743 53742 53775 53776 54187 54184 54183 54186     1     1     1     1     0 47414
 53776 53703 53704 53777 54186 54185 54188 54189     1     1     1     1     0 47416
 53744 53743 53776 53777 54190 54187 54186 54189     1     1     1     1     0 47418
 53777 53704 53706 53778 54189 54188 54191 54264     1     1     1     1     0 47420
 53745 53744 53777 53778 54268 54190 54189 54264     1     1     1     1     0 47422
 53778 53706 53707 53779 54264 54191 54192 54263     1     1     1     1     0 47424
 53779 53707 53709 53780 54263 54192 54193 54214     1     1     1     1     0 47426
 53780 53709 53711 53781 54214 54193 54194 54215     1     1     1     1     0 47428
 53781 53711 53713 53782 54215 54194 54195 54216     1     1     1     1     0 47430
 53782 53713 53715 53783 54216 54195 54196 54217     1     1     1     1     0 47432
 53783 53715 53717 53784 54217 54196 54197 54218     1     1     1     1     0 47434
 53784 53717 53726 53785 54218 54197 54198 54219     1     1     1     1     0 47436
 53785 53726 53727 53786 54219 54198 54199 54220     1     1     1     1     0 47438
 53786 53727 53728 53787 54220 54199 54200 54221     1     1     1     1     0 47440
 53787 53728 53730 53788 54221 54200 54201 54270     1     1     1     1     0 47442
 53788 53730 53732 53789 54270 54201 54260 54272     1     1     1     1     0 47444
 53790 53755 53754 53791 54292 54258 54287 54291     1     1     1     1     0 47446
 53792 53757 53770 53793 54284 54285 54257 54255     1     1     1     1     0 47448
 53794 53758 53759 53795 54243 54202 54282 54279     1     1     1     1     0 47450
 53796 53760 53758 53794 54240 54203 54202 54243     1     1     1     1     0 47452
 53797 53761 53760 53796 54237 54204 54203 54240     1     1     1     1     0 47454
 53798 53762 53761 53797 54234 54205 54204 54237     1     1     1     1     0 47456
 53799 53763 53762 53798 54231 54206 54205 54234     1     1     1     1     0 47458
 53800 53764 53763 53799 54269 54207 54206 54231     1     1     1     1     0 47460
 53801 53765 53764 53800 54277 54273 54207 54269     1     1     1     1     0 47462
 53802 53747 53746 53803 54224 54208 54265 54266     1     1     1     1     0 47464
 53804 53748 53747 53802 54225 54209 54208 54224     1     1     1     1     0 47466
 53805 53749 53748 53804 54228 54210 54209 54225     1     1     1     1     0 47468
 53806 53750 53749 53805 54229 54211 54210 54228     1     1     1     1     0 47470
 53807 53751 53750 53806 54230 54212 54211 54229     1     1     1     1     0 47472
 53808 53752 53751 53807 54296 54213 54212 54230     1     1     1     1     0 47474
 53809 53753 53752 53808 54293 54288 54213 54296     1     1     1     1     0 47476
 53810 53779 53780 53811 54267 54263 54214 54222     1     1     1     1     0 47478
 53811 53780 53781 53812 54222 54214 54215 54226     1     1     1     1     0 47480
 53812 53781 53782 53813 54226 54215 54216 54247     1     1     1     1     0 47482
 53813 53782 53783 53814 54247 54216 54217 54245     1     1     1     1     0 47484
 53814 53783 53784 53815 54245 54217 54218 54242     1     1     1     1     0 47486
 53815 53784 53785 53816 54242 54218 54219 54239     1     1     1     1     0 47488
 53816 53785 53786 53817 54239 54219 54220 54236     1     1     1     1     0 47490
 53817 53786 53787 53818 54236 54220 54221 54233     1     1     1     1     0 47492
 53818 53787 53788 53819 54233 54221 54270 54271     1     1     1     1     0 47494
 53819 53800 53799 53820 54271 54269 54231 54232     1     1     1     1     0 47496
 53821 53793 53790 53822 54289 54255 54292 54294     1     1     1     1     0 47498
 53823 53792 53793 53821 54280 54284 54255 54289     1     1     1     1     0 47500
 53824 53803 53810 53811 54223 54266 54267 54222     1     1     1     1     0 47502
 53825 53802 53803 53824 54227 54224 54266 54223     1     1     1     1     0 47504
 53825 53824 53811 53812 54227 54223 54222 54226     1     1     1     1     0 47506
 53826 53804 53802 53825 54248 54225 54224 54227     1     1     1     1     0 47508
 53827 53805 53804 53826 54250 54228 54225 54248     1     1     1     1     0 47510
 53826 53825 53812 53813 54248 54227 54226 54247     1     1     1     1     0 47512
 53828 53806 53805 53827 54252 54229 54228 54250     1     1     1     1     0 47514
 53829 53807 53806 53828 54254 54230 54229 54252     1     1     1     1     0 47516
 53830 53808 53807 53829 54295 54296 54230 54254     1     1     1     1     0 47518
 53831 53818 53819 53820 54235 54233 54271 54232     1     1     1     1     0 47520
 53831 53820 53799 53798 54235 54232 54231 54234     1     1     1     1     0 47522
 53832 53817 53818 53831 54238 54236 54233 54235     1     1     1     1     0 47524
 53832 53831 53798 53797 54238 54235 54234 54237     1     1     1     1     0 47526
 53833 53816 53817 53832 54241 54239 54236 54238     1     1     1     1     0 47528
 53833 53832 53797 53796 54241 54238 54237 54240     1     1     1     1     0 47530
 53834 53815 53816 53833 54244 54242 54239 54241     1     1     1     1     0 47532
 53834 53833 53796 53794 54244 54241 54240 54243     1     1     1     1     0 47534
 53814 53815 53834 53835 54245 54242 54244 54246     1     1     1     1     0 47536
 53835 53834 53794 53795 54246 54244 54243 54279     1     1     1     1     0 47538
 53836 53813 53814 53835 54249 54247 54245 54246     1     1     1     1     0 47540
 53837 53836 53835 53795 54251 54249 54246 54279     1     1     1     1     0 47542
 53827 53826 53813 53836 54250 54248 54247 54249     1     1     1     1     0 47544
 53828 53827 53836 53837 54252 54250 54249 54251     1     1     1     1     0 47546
 53823 53821 53838 53839 54280 54289 54290 54253     1     1     1     1     0 47548
 53837 53795 53823 53839 54251 54279 54280 54253     1     1     1     1     0 47550
 53829 53828 53837 53839 54254 54252 54251 54253     1     1     1     1     0 47552
 53839 53838 53830 53829 54253 54290 54295 54254     1     1     1     1     0 47554
 53770 53755 53790 53793 54257 54258 54292 54255     1     1     1     1     0 47556
 53687 53688 53755 53770 54256 54259 54258 54257     1     1     1     1     0 47558
 53769 53768 53840 53789 54261 54275 54276 54272     1     1     1     1     0 47560
 53732 53734 53769 53789 54260 54262 54261 54272     1     1     1     1     0 47562
 53745 53778 53779 53810 54268 54264 54263 54267     1     1     1     1     0 47564
 53746 53745 53810 53803 54265 54268 54267 54266     1     1     1     1     0 47566
 53840 53801 53800 53819 54276 54277 54269 54271     1     1     1     1     0 47568
 53788 53789 53840 53819 54270 54272 54276 54271     1     1     1     1     0 47570
 53767 53766 53765 53801 54278 54274 54273 54277     1     1     1     1     0 47572
 53768 53767 53801 53840 54275 54278 54277 54276     1     1     1     1     0 47574
 53759 53792 53823 53795 54282 54284 54280 54279     1     1     1     1     0 47576
 53710 53708 53792 53759 54281 54283 54284 54282     1     1     1     1     0 47578
 53708 53705 53757 53792 54283 54286 54285 54284     1     1     1     1     0 47580
 53754 53753 53809 53791 54287 54288 54293 54291     1     1     1     1     0 47582
 53830 53838 53821 53822 54295 54290 54289 54294     1     1     1     1     0 47584
 53791 53809 53822 53790 54291 54293 54294 54292     1     1     1     1     0 47586
 53809 53808 53830 53822 54293 54296 54295 54294     1     1     1     1     0 47588
