 31172 31160 35923 35998 31199 31175 36115 36105     1     1     1     1     0 30567
 31199 31175 36115 36105 31200 31187 36058 36106     1     1     1     1     0 30568
 31160 31161 35928 35923 31175 31176 36120 36115     1     1     1     1     0 30579
 31175 31176 36120 36115 31187 31188 36053 36058     1     1     1     1     0 30580
 31161 31162 35933 35928 31176 31177 36125 36120     1     1     1     1     0 30591
 31176 31177 36125 36120 31188 31189 36048 36053     1     1     1     1     0 30592
 31162 31163 35938 35933 31177 31178 36130 36125     1     1     1     1     0 30603
 31177 31178 36130 36125 31189 31190 36043 36048     1     1     1     1     0 30604
 31163 31164 35943 35938 31178 31179 36135 36130     1     1     1     1     0 30615
 31178 31179 36135 36130 31190 31191 36038 36043     1     1     1     1     0 30616
 31164 31165 35948 35943 31179 31180 36140 36135     1     1     1     1     0 30627
 31179 31180 36140 36135 31191 31192 36033 36038     1     1     1     1     0 30628
 31165 31166 35953 35948 31180 31181 36145 36140     1     1     1     1     0 30639
 31180 31181 36145 36140 31192 31193 36028 36033     1     1     1     1     0 30640
 31166 31167 35958 35953 31181 31182 36150 36145     1     1     1     1     0 30651
 31181 31182 36150 36145 31193 31194 36023 36028     1     1     1     1     0 30652
 31167 31168 35963 35958 31182 31183 36155 36150     1     1     1     1     0 30663
 31182 31183 36155 36150 31194 31195 36018 36023     1     1     1     1     0 30664
 31168 31169 35968 35963 31183 31184 36160 36155     1     1     1     1     0 30675
 31183 31184 36160 36155 31195 31196 36013 36018     1     1     1     1     0 30676
 31169 31170 35973 35968 31184 31185 36165 36160     1     1     1     1     0 30687
 31184 31185 36165 36160 31196 31197 36008 36013     1     1     1     1     0 30688
 31170 31171 35978 35973 31185 31186 36170 36165     1     1     1     1     0 30699
 31185 31186 36170 36165 31197 31198 36003 36008     1     1     1     1     0 30700
 31171 31159 35993 35978 31186 31173 36091 36170     1     1     1     1     0 30711
 31186 31173 36091 36170 31198 31174 36096 36003     1     1     1     1     0 30712
 31174 36096 36003 31198 31205 36335 36375 31262     1     1     1     1     0 30713
 31205 36335 36375 31262 31204 36330 36435 31263     1     1     1     1     0 30714
 31204 36330 36435 31263 31203 36325 36495 31264     1     1     1     1     0 30715
 31203 36325 36495 31264 31202 36320 36555 31265     1     1     1     1     0 30716
 31202 36320 36555 31265 31201 36315 36615 31266     1     1     1     1     0 30717
 31201 36315 36615 31266 31206 36340 36230 31278     1     1     1     1     0 30718
 31198 36003 36008 31197 31262 36375 36380 31257     1     1     1     1     0 30749
 31262 36375 36380 31257 31263 36435 36440 31258     1     1     1     1     0 30750
 31263 36435 36440 31258 31264 36495 36500 31259     1     1     1     1     0 30751
 31264 36495 36500 31259 31265 36555 36560 31260     1     1     1     1     0 30752
 31265 36555 36560 31260 31266 36615 36620 31261     1     1     1     1     0 30753
 31266 36615 36620 31261 31278 36230 36225 31277     1     1     1     1     0 30754
 31197 36008 36013 31196 31257 36380 36385 31252     1     1     1     1     0 30785
 31257 36380 36385 31252 31258 36440 36445 31253     1     1     1     1     0 30786
 31258 36440 36445 31253 31259 36500 36505 31254     1     1     1     1     0 30787
 31259 36500 36505 31254 31260 36560 36565 31255     1     1     1     1     0 30788
 31260 36560 36565 31255 31261 36620 36625 31256     1     1     1     1     0 30789
 31261 36620 36625 31256 31277 36225 36220 31276     1     1     1     1     0 30790
 31196 36013 36018 31195 31252 36385 36390 31247     1     1     1     1     0 30821
 31252 36385 36390 31247 31253 36445 36450 31248     1     1     1     1     0 30822
 31253 36445 36450 31248 31254 36505 36510 31249     1     1     1     1     0 30823
 31254 36505 36510 31249 31255 36565 36570 31250     1     1     1     1     0 30824
 31255 36565 36570 31250 31256 36625 36630 31251     1     1     1     1     0 30825
 31256 36625 36630 31251 31276 36220 36215 31275     1     1     1     1     0 30826
 31195 36018 36023 31194 31247 36390 36395 31242     1     1     1     1     0 30857
 31247 36390 36395 31242 31248 36450 36455 31243     1     1     1     1     0 30858
 31248 36450 36455 31243 31249 36510 36515 31244     1     1     1     1     0 30859
 31249 36510 36515 31244 31250 36570 36575 31245     1     1     1     1     0 30860
 31250 36570 36575 31245 31251 36630 36635 31246     1     1     1     1     0 30861
 31251 36630 36635 31246 31275 36215 36210 31274     1     1     1     1     0 30862
 31194 36023 36028 31193 31242 36395 36400 31237     1     1     1     1     0 30893
 31242 36395 36400 31237 31243 36455 36460 31238     1     1     1     1     0 30894
 31243 36455 36460 31238 31244 36515 36520 31239     1     1     1     1     0 30895
 31244 36515 36520 31239 31245 36575 36580 31240     1     1     1     1     0 30896
 31245 36575 36580 31240 31246 36635 36640 31241     1     1     1     1     0 30897
 31246 36635 36640 31241 31274 36210 36205 31273     1     1     1     1     0 30898
 31193 36028 36033 31192 31237 36400 36405 31232     1     1     1     1     0 30929
 31237 36400 36405 31232 31238 36460 36465 31233     1     1     1     1     0 30930
 31238 36460 36465 31233 31239 36520 36525 31234     1     1     1     1     0 30931
 31239 36520 36525 31234 31240 36580 36585 31235     1     1     1     1     0 30932
 31240 36580 36585 31235 31241 36640 36645 31236     1     1     1     1     0 30933
 31241 36640 36645 31236 31273 36205 36200 31272     1     1     1     1     0 30934
 31192 36033 36038 31191 31232 36405 36410 31227     1     1     1     1     0 30965
 31232 36405 36410 31227 31233 36465 36470 31228     1     1     1     1     0 30966
 31233 36465 36470 31228 31234 36525 36530 31229     1     1     1     1     0 30967
 31234 36525 36530 31229 31235 36585 36590 31230     1     1     1     1     0 30968
 31235 36585 36590 31230 31236 36645 36650 31231     1     1     1     1     0 30969
 31236 36645 36650 31231 31272 36200 36195 31271     1     1     1     1     0 30970
 31191 36038 36043 31190 31227 36410 36415 31222     1     1     1     1     0 31001
 31227 36410 36415 31222 31228 36470 36475 31223     1     1     1     1     0 31002
 31228 36470 36475 31223 31229 36530 36535 31224     1     1     1     1     0 31003
 31229 36530 36535 31224 31230 36590 36595 31225     1     1     1     1     0 31004
 31230 36590 36595 31225 31231 36650 36655 31226     1     1     1     1     0 31005
 31231 36650 36655 31226 31271 36195 36190 31270     1     1     1     1     0 31006
 31190 36043 36048 31189 31222 36415 36420 31217     1     1     1     1     0 31037
 31222 36415 36420 31217 31223 36475 36480 31218     1     1     1     1     0 31038
 31223 36475 36480 31218 31224 36535 36540 31219     1     1     1     1     0 31039
 31224 36535 36540 31219 31225 36595 36600 31220     1     1     1     1     0 31040
 31225 36595 36600 31220 31226 36655 36660 31221     1     1     1     1     0 31041
 31226 36655 36660 31221 31270 36190 36185 31269     1     1     1     1     0 31042
 31189 36048 36053 31188 31217 36420 36425 31212     1     1     1     1     0 31073
 31217 36420 36425 31212 31218 36480 36485 31213     1     1     1     1     0 31074
 31218 36480 36485 31213 31219 36540 36545 31214     1     1     1     1     0 31075
 31219 36540 36545 31214 31220 36600 36605 31215     1     1     1     1     0 31076
 31220 36600 36605 31215 31221 36660 36665 31216     1     1     1     1     0 31077
 31221 36660 36665 31216 31269 36185 36180 31268     1     1     1     1     0 31078
 31188 36053 36058 31187 31212 36425 36430 31207     1     1     1     1     0 31109
 31212 36425 36430 31207 31213 36485 36490 31208     1     1     1     1     0 31110
 31213 36485 36490 31208 31214 36545 36550 31209     1     1     1     1     0 31111
 31214 36545 36550 31209 31215 36605 36610 31210     1     1     1     1     0 31112
 31215 36605 36610 31210 31216 36665 36670 31211     1     1     1     1     0 31113
 31216 36665 36670 31211 31268 36180 36175 31267     1     1     1     1     0 31114
 31187 36058 36106 31200 31207 36430 36369 31283     1     1     1     1     0 31145
 31207 36430 36369 31283 31208 36490 36364 31282     1     1     1     1     0 31146
 31208 36490 36364 31282 31209 36550 36359 31281     1     1     1     1     0 31147
 31209 36550 36359 31281 31210 36610 36354 31280     1     1     1     1     0 31148
 31210 36610 36354 31280 31211 36670 36349 31279     1     1     1     1     0 31149
 31211 36670 36349 31279 31267 36175 36370 31284     1     1     1     1     0 31150
 36175 36370 31284 31267 36883 36873 31367 31291     1     1     1     1     0 31211
 36883 36873 31367 31291 36943 36868 31366 31292     1     1     1     1     0 31212
 36943 36868 31366 31292 37003 36863 31365 31293     1     1     1     1     0 31213
 37003 36863 31365 31293 37063 36858 31364 31294     1     1     1     1     0 31214
 37063 36858 31364 31294 37123 36853 31363 31295     1     1     1     1     0 31215
 37123 36853 31363 31295 36730 36874 31368 31351     1     1     1     1     0 31216
 36180 36175 31267 31268 36888 36883 31291 31296     1     1     1     1     0 31247
 36888 36883 31291 31296 36948 36943 31292 31297     1     1     1     1     0 31248
 36948 36943 31292 31297 37008 37003 31293 31298     1     1     1     1     0 31249
 37008 37003 31293 31298 37068 37063 31294 31299     1     1     1     1     0 31250
 37068 37063 31294 31299 37128 37123 31295 31300     1     1     1     1     0 31251
 37128 37123 31295 31300 36725 36730 31351 31352     1     1     1     1     0 31252
 36185 36180 31268 31269 36893 36888 31296 31301     1     1     1     1     0 31283
 36893 36888 31296 31301 36953 36948 31297 31302     1     1     1     1     0 31284
 36953 36948 31297 31302 37013 37008 31298 31303     1     1     1     1     0 31285
 37013 37008 31298 31303 37073 37068 31299 31304     1     1     1     1     0 31286
 37073 37068 31299 31304 37133 37128 31300 31305     1     1     1     1     0 31287
 37133 37128 31300 31305 36720 36725 31352 31353     1     1     1     1     0 31288
 36190 36185 31269 31270 36898 36893 31301 31306     1     1     1     1     0 31319
 36898 36893 31301 31306 36958 36953 31302 31307     1     1     1     1     0 31320
 36958 36953 31302 31307 37018 37013 31303 31308     1     1     1     1     0 31321
 37018 37013 31303 31308 37078 37073 31304 31309     1     1     1     1     0 31322
 37078 37073 31304 31309 37138 37133 31305 31310     1     1     1     1     0 31323
 37138 37133 31305 31310 36715 36720 31353 31354     1     1     1     1     0 31324
 36195 36190 31270 31271 36903 36898 31306 31311     1     1     1     1     0 31355
 36903 36898 31306 31311 36963 36958 31307 31312     1     1     1     1     0 31356
 36963 36958 31307 31312 37023 37018 31308 31313     1     1     1     1     0 31357
 37023 37018 31308 31313 37083 37078 31309 31314     1     1     1     1     0 31358
 37083 37078 31309 31314 37143 37138 31310 31315     1     1     1     1     0 31359
 37143 37138 31310 31315 36710 36715 31354 31355     1     1     1     1     0 31360
 36200 36195 31271 31272 36908 36903 31311 31316     1     1     1     1     0 31391
 36908 36903 31311 31316 36968 36963 31312 31317     1     1     1     1     0 31392
 36968 36963 31312 31317 37028 37023 31313 31318     1     1     1     1     0 31393
 37028 37023 31313 31318 37088 37083 31314 31319     1     1     1     1     0 31394
 37088 37083 31314 31319 37148 37143 31315 31320     1     1     1     1     0 31395
 37148 37143 31315 31320 36705 36710 31355 31356     1     1     1     1     0 31396
 36205 36200 31272 31273 36913 36908 31316 31321     1     1     1     1     0 31427
 36913 36908 31316 31321 36973 36968 31317 31322     1     1     1     1     0 31428
 36973 36968 31317 31322 37033 37028 31318 31323     1     1     1     1     0 31429
 37033 37028 31318 31323 37093 37088 31319 31324     1     1     1     1     0 31430
 37093 37088 31319 31324 37153 37148 31320 31325     1     1     1     1     0 31431
 37153 37148 31320 31325 36700 36705 31356 31357     1     1     1     1     0 31432
 36210 36205 31273 31274 36918 36913 31321 31326     1     1     1     1     0 31463
 36918 36913 31321 31326 36978 36973 31322 31327     1     1     1     1     0 31464
 36978 36973 31322 31327 37038 37033 31323 31328     1     1     1     1     0 31465
 37038 37033 31323 31328 37098 37093 31324 31329     1     1     1     1     0 31466
 37098 37093 31324 31329 37158 37153 31325 31330     1     1     1     1     0 31467
 37158 37153 31325 31330 36695 36700 31357 31358     1     1     1     1     0 31468
 36215 36210 31274 31275 36923 36918 31326 31331     1     1     1     1     0 31499
 36923 36918 31326 31331 36983 36978 31327 31332     1     1     1     1     0 31500
 36983 36978 31327 31332 37043 37038 31328 31333     1     1     1     1     0 31501
 37043 37038 31328 31333 37103 37098 31329 31334     1     1     1     1     0 31502
 37103 37098 31329 31334 37163 37158 31330 31335     1     1     1     1     0 31503
 37163 37158 31330 31335 36690 36695 31358 31359     1     1     1     1     0 31504
 36220 36215 31275 31276 36928 36923 31331 31336     1     1     1     1     0 31535
 36928 36923 31331 31336 36988 36983 31332 31337     1     1     1     1     0 31536
 36988 36983 31332 31337 37048 37043 31333 31338     1     1     1     1     0 31537
 37048 37043 31333 31338 37108 37103 31334 31339     1     1     1     1     0 31538
 37108 37103 31334 31339 37168 37163 31335 31340     1     1     1     1     0 31539
 37168 37163 31335 31340 36685 36690 31359 31360     1     1     1     1     0 31540
 36225 36220 31276 31277 36933 36928 31336 31341     1     1     1     1     0 31571
 36933 36928 31336 31341 36993 36988 31337 31342     1     1     1     1     0 31572
 36993 36988 31337 31342 37053 37048 31338 31343     1     1     1     1     0 31573
 37053 37048 31338 31343 37113 37108 31339 31344     1     1     1     1     0 31574
 37113 37108 31339 31344 37173 37168 31340 31345     1     1     1     1     0 31575
 37173 37168 31340 31345 36680 36685 31360 31361     1     1     1     1     0 31576
 36230 36225 31277 31278 36938 36933 31341 31346     1     1     1     1     0 31607
 36938 36933 31341 31346 36998 36993 31342 31347     1     1     1     1     0 31608
 36998 36993 31342 31347 37058 37053 31343 31348     1     1     1     1     0 31609
 37058 37053 31343 31348 37118 37113 31344 31349     1     1     1     1     0 31610
 37118 37113 31344 31349 37178 37173 31345 31350     1     1     1     1     0 31611
 37178 37173 31345 31350 36675 36680 31361 31362     1     1     1     1     0 31612
 36340 36230 31278 31206 36839 36938 31346 31289     1     1     1     1     0 31643
 36839 36938 31346 31289 36834 36998 31347 31288     1     1     1     1     0 31644
 36834 36998 31347 31288 36829 37058 31348 31287     1     1     1     1     0 31645
 36829 37058 31348 31287 36824 37118 31349 31286     1     1     1     1     0 31646
 36824 37118 31349 31286 36819 37178 31350 31285     1     1     1     1     0 31647
 36819 37178 31350 31285 36844 36675 31362 31290     1     1     1     1     0 31648
