 39292 31159 32026 39285 39506 31173 32067 39507     1     1     1     1     0 33803
 39506 31173 32067 39507 39323 31174 32078 39322     1     1     1     1     0 33804
 39285 32026 32027 39278 39507 32067 32068 39508     1     1     1     1     0 33805
 39507 32067 32068 39508 39322 32078 32079 39321     1     1     1     1     0 33806
 39278 32027 32028 39271 39508 32068 32069 39509     1     1     1     1     0 33807
 39508 32068 32069 39509 39321 32079 32080 39320     1     1     1     1     0 33808
 39271 32028 32029 39264 39509 32069 32070 39510     1     1     1     1     0 33809
 39509 32069 32070 39510 39320 32080 32081 39319     1     1     1     1     0 33810
 39264 32029 32030 39257 39510 32070 32071 39511     1     1     1     1     0 33811
 39510 32070 32071 39511 39319 32081 32082 39318     1     1     1     1     0 33812
 39257 32030 32031 39250 39511 32071 32072 39512     1     1     1     1     0 33813
 39511 32071 32072 39512 39318 32082 32083 39317     1     1     1     1     0 33814
 39250 32031 32032 39243 39512 32072 32073 39513     1     1     1     1     0 33815
 39512 32072 32073 39513 39317 32083 32084 39316     1     1     1     1     0 33816
 39243 32032 32033 39236 39513 32073 32074 39514     1     1     1     1     0 33817
 39513 32073 32074 39514 39316 32084 32085 39315     1     1     1     1     0 33818
 39236 32033 32034 39229 39514 32074 32075 39515     1     1     1     1     0 33819
 39514 32074 32075 39515 39315 32085 32086 39314     1     1     1     1     0 33820
 39229 32034 32035 39222 39515 32075 32076 39516     1     1     1     1     0 33821
 39515 32075 32076 39516 39314 32086 32087 39313     1     1     1     1     0 33822
 39222 32035 32036 39215 39516 32076 32077 39517     1     1     1     1     0 33823
 39516 32076 32077 39517 39313 32087 32088 39312     1     1     1     1     0 33824
 39215 32036 32025 39305 39517 32077 32065 39420     1     1     1     1     0 33825
 39517 32077 32065 39420 39312 32088 32066 39427     1     1     1     1     0 33826
 32088 32066 39427 39312 32209 32153 39702 39793     1     1     1     1     0 33827
 32209 32153 39702 39793 32198 32152 39695 39877     1     1     1     1     0 33828
 32198 32152 39695 39877 32187 32151 39688 39961     1     1     1     1     0 33829
 32187 32151 39688 39961 32176 32150 39681 40045     1     1     1     1     0 33830
 32176 32150 39681 40045 32165 32149 39674 40129     1     1     1     1     0 33831
 32165 32149 39674 40129 32220 32154 39709 39524     1     1     1     1     0 33832
 32087 32088 39312 39313 32208 32209 39793 39786     1     1     1     1     0 33833
 32208 32209 39793 39786 32197 32198 39877 39870     1     1     1     1     0 33834
 32197 32198 39877 39870 32186 32187 39961 39954     1     1     1     1     0 33835
 32186 32187 39961 39954 32175 32176 40045 40038     1     1     1     1     0 33836
 32175 32176 40045 40038 32164 32165 40129 40122     1     1     1     1     0 33837
 32164 32165 40129 40122 32219 32220 39524 39531     1     1     1     1     0 33838
 32086 32087 39313 39314 32207 32208 39786 39779     1     1     1     1     0 33839
 32207 32208 39786 39779 32196 32197 39870 39863     1     1     1     1     0 33840
 32196 32197 39870 39863 32185 32186 39954 39947     1     1     1     1     0 33841
 32185 32186 39954 39947 32174 32175 40038 40031     1     1     1     1     0 33842
 32174 32175 40038 40031 32163 32164 40122 40115     1     1     1     1     0 33843
 32163 32164 40122 40115 32218 32219 39531 39538     1     1     1     1     0 33844
 32085 32086 39314 39315 32206 32207 39779 39772     1     1     1     1     0 33845
 32206 32207 39779 39772 32195 32196 39863 39856     1     1     1     1     0 33846
 32195 32196 39863 39856 32184 32185 39947 39940     1     1     1     1     0 33847
 32184 32185 39947 39940 32173 32174 40031 40024     1     1     1     1     0 33848
 32173 32174 40031 40024 32162 32163 40115 40108     1     1     1     1     0 33849
 32162 32163 40115 40108 32217 32218 39538 39545     1     1     1     1     0 33850
 32084 32085 39315 39316 32205 32206 39772 39765     1     1     1     1     0 33851
 32205 32206 39772 39765 32194 32195 39856 39849     1     1     1     1     0 33852
 32194 32195 39856 39849 32183 32184 39940 39933     1     1     1     1     0 33853
 32183 32184 39940 39933 32172 32173 40024 40017     1     1     1     1     0 33854
 32172 32173 40024 40017 32161 32162 40108 40101     1     1     1     1     0 33855
 32161 32162 40108 40101 32216 32217 39545 39552     1     1     1     1     0 33856
 32083 32084 39316 39317 32204 32205 39765 39758     1     1     1     1     0 33857
 32204 32205 39765 39758 32193 32194 39849 39842     1     1     1     1     0 33858
 32193 32194 39849 39842 32182 32183 39933 39926     1     1     1     1     0 33859
 32182 32183 39933 39926 32171 32172 40017 40010     1     1     1     1     0 33860
 32171 32172 40017 40010 32160 32161 40101 40094     1     1     1     1     0 33861
 32160 32161 40101 40094 32215 32216 39552 39559     1     1     1     1     0 33862
 32082 32083 39317 39318 32203 32204 39758 39751     1     1     1     1     0 33863
 32203 32204 39758 39751 32192 32193 39842 39835     1     1     1     1     0 33864
 32192 32193 39842 39835 32181 32182 39926 39919     1     1     1     1     0 33865
 32181 32182 39926 39919 32170 32171 40010 40003     1     1     1     1     0 33866
 32170 32171 40010 40003 32159 32160 40094 40087     1     1     1     1     0 33867
 32159 32160 40094 40087 32214 32215 39559 39566     1     1     1     1     0 33868
 32081 32082 39318 39319 32202 32203 39751 39744     1     1     1     1     0 33869
 32202 32203 39751 39744 32191 32192 39835 39828     1     1     1     1     0 33870
 32191 32192 39835 39828 32180 32181 39919 39912     1     1     1     1     0 33871
 32180 32181 39919 39912 32169 32170 40003 39996     1     1     1     1     0 33872
 32169 32170 40003 39996 32158 32159 40087 40080     1     1     1     1     0 33873
 32158 32159 40087 40080 32213 32214 39566 39573     1     1     1     1     0 33874
 32080 32081 39319 39320 32201 32202 39744 39737     1     1     1     1     0 33875
 32201 32202 39744 39737 32190 32191 39828 39821     1     1     1     1     0 33876
 32190 32191 39828 39821 32179 32180 39912 39905     1     1     1     1     0 33877
 32179 32180 39912 39905 32168 32169 39996 39989     1     1     1     1     0 33878
 32168 32169 39996 39989 32157 32158 40080 40073     1     1     1     1     0 33879
 32157 32158 40080 40073 32212 32213 39573 39580     1     1     1     1     0 33880
 32079 32080 39320 39321 32200 32201 39737 39730     1     1     1     1     0 33881
 32200 32201 39737 39730 32189 32190 39821 39814     1     1     1     1     0 33882
 32189 32190 39821 39814 32178 32179 39905 39898     1     1     1     1     0 33883
 32178 32179 39905 39898 32167 32168 39989 39982     1     1     1     1     0 33884
 32167 32168 39989 39982 32156 32157 40073 40066     1     1     1     1     0 33885
 32156 32157 40073 40066 32211 32212 39580 39587     1     1     1     1     0 33886
 32078 32079 39321 39322 32199 32200 39730 39723     1     1     1     1     0 33887
 32199 32200 39730 39723 32188 32189 39814 39807     1     1     1     1     0 33888
 32188 32189 39814 39807 32177 32178 39898 39891     1     1     1     1     0 33889
 32177 32178 39898 39891 32166 32167 39982 39975     1     1     1     1     0 33890
 32166 32167 39982 39975 32155 32156 40066 40059     1     1     1     1     0 33891
 32155 32156 40066 40059 32210 32211 39587 39594     1     1     1     1     0 33892
 31174 32078 39322 39323 31205 32199 39723 39716     1     1     1     1     0 33893
 31205 32199 39723 39716 31204 32188 39807 39800     1     1     1     1     0 33894
 31204 32188 39807 39800 31203 32177 39891 39884     1     1     1     1     0 33895
 31203 32177 39891 39884 31202 32166 39975 39968     1     1     1     1     0 33896
 31202 32166 39975 39968 31201 32155 40059 40052     1     1     1     1     0 33897
 31201 32155 40059 40052 31206 32210 39594 39601     1     1     1     1     0 33898
 32210 39594 39601 31206 32427 40407 40406 31289     1     1     1     1     0 34979
 32427 40407 40406 31289 32416 40491 40490 31288     1     1     1     1     0 34980
 32416 40491 40490 31288 32405 40575 40574 31287     1     1     1     1     0 34981
 32405 40575 40574 31287 32394 40659 40658 31286     1     1     1     1     0 34982
 32394 40659 40658 31286 32383 40743 40742 31285     1     1     1     1     0 34983
 32383 40743 40742 31285 32438 40146 40147 31290     1     1     1     1     0 34984
 32211 39587 39594 32210 32428 40408 40407 32427     1     1     1     1     0 34985
 32428 40408 40407 32427 32417 40492 40491 32416     1     1     1     1     0 34986
 32417 40492 40491 32416 32406 40576 40575 32405     1     1     1     1     0 34987
 32406 40576 40575 32405 32395 40660 40659 32394     1     1     1     1     0 34988
 32395 40660 40659 32394 32384 40744 40743 32383     1     1     1     1     0 34989
 32384 40744 40743 32383 32439 40145 40146 32438     1     1     1     1     0 34990
 32212 39580 39587 32211 32429 40409 40408 32428     1     1     1     1     0 34991
 32429 40409 40408 32428 32418 40493 40492 32417     1     1     1     1     0 34992
 32418 40493 40492 32417 32407 40577 40576 32406     1     1     1     1     0 34993
 32407 40577 40576 32406 32396 40661 40660 32395     1     1     1     1     0 34994
 32396 40661 40660 32395 32385 40745 40744 32384     1     1     1     1     0 34995
 32385 40745 40744 32384 32440 40144 40145 32439     1     1     1     1     0 34996
 32213 39573 39580 32212 32430 40410 40409 32429     1     1     1     1     0 34997
 32430 40410 40409 32429 32419 40494 40493 32418     1     1     1     1     0 34998
 32419 40494 40493 32418 32408 40578 40577 32407     1     1     1     1     0 34999
 32408 40578 40577 32407 32397 40662 40661 32396     1     1     1     1     0 35000
 32397 40662 40661 32396 32386 40746 40745 32385     1     1     1     1     0 35001
 32386 40746 40745 32385 32441 40143 40144 32440     1     1     1     1     0 35002
 32214 39566 39573 32213 32431 40411 40410 32430     1     1     1     1     0 35003
 32431 40411 40410 32430 32420 40495 40494 32419     1     1     1     1     0 35004
 32420 40495 40494 32419 32409 40579 40578 32408     1     1     1     1     0 35005
 32409 40579 40578 32408 32398 40663 40662 32397     1     1     1     1     0 35006
 32398 40663 40662 32397 32387 40747 40746 32386     1     1     1     1     0 35007
 32387 40747 40746 32386 32442 40142 40143 32441     1     1     1     1     0 35008
 32215 39559 39566 32214 32432 40412 40411 32431     1     1     1     1     0 35009
 32432 40412 40411 32431 32421 40496 40495 32420     1     1     1     1     0 35010
 32421 40496 40495 32420 32410 40580 40579 32409     1     1     1     1     0 35011
 32410 40580 40579 32409 32399 40664 40663 32398     1     1     1     1     0 35012
 32399 40664 40663 32398 32388 40748 40747 32387     1     1     1     1     0 35013
 32388 40748 40747 32387 32443 40141 40142 32442     1     1     1     1     0 35014
 32216 39552 39559 32215 32433 40413 40412 32432     1     1     1     1     0 35015
 32433 40413 40412 32432 32422 40497 40496 32421     1     1     1     1     0 35016
 32422 40497 40496 32421 32411 40581 40580 32410     1     1     1     1     0 35017
 32411 40581 40580 32410 32400 40665 40664 32399     1     1     1     1     0 35018
 32400 40665 40664 32399 32389 40749 40748 32388     1     1     1     1     0 35019
 32389 40749 40748 32388 32444 40140 40141 32443     1     1     1     1     0 35020
 32217 39545 39552 32216 32434 40414 40413 32433     1     1     1     1     0 35021
 32434 40414 40413 32433 32423 40498 40497 32422     1     1     1     1     0 35022
 32423 40498 40497 32422 32412 40582 40581 32411     1     1     1     1     0 35023
 32412 40582 40581 32411 32401 40666 40665 32400     1     1     1     1     0 35024
 32401 40666 40665 32400 32390 40750 40749 32389     1     1     1     1     0 35025
 32390 40750 40749 32389 32445 40139 40140 32444     1     1     1     1     0 35026
 32218 39538 39545 32217 32435 40415 40414 32434     1     1     1     1     0 35027
 32435 40415 40414 32434 32424 40499 40498 32423     1     1     1     1     0 35028
 32424 40499 40498 32423 32413 40583 40582 32412     1     1     1     1     0 35029
 32413 40583 40582 32412 32402 40667 40666 32401     1     1     1     1     0 35030
 32402 40667 40666 32401 32391 40751 40750 32390     1     1     1     1     0 35031
 32391 40751 40750 32390 32446 40138 40139 32445     1     1     1     1     0 35032
 32219 39531 39538 32218 32436 40416 40415 32435     1     1     1     1     0 35033
 32436 40416 40415 32435 32425 40500 40499 32424     1     1     1     1     0 35034
 32425 40500 40499 32424 32414 40584 40583 32413     1     1     1     1     0 35035
 32414 40584 40583 32413 32403 40668 40667 32402     1     1     1     1     0 35036
 32403 40668 40667 32402 32392 40752 40751 32391     1     1     1     1     0 35037
 32392 40752 40751 32391 32447 40137 40138 32446     1     1     1     1     0 35038
 32220 39524 39531 32219 32437 40417 40416 32436     1     1     1     1     0 35039
 32437 40417 40416 32436 32426 40501 40500 32425     1     1     1     1     0 35040
 32426 40501 40500 32425 32415 40585 40584 32414     1     1     1     1     0 35041
 32415 40585 40584 32414 32404 40669 40668 32403     1     1     1     1     0 35042
 32404 40669 40668 32403 32393 40753 40752 32392     1     1     1     1     0 35043
 32393 40753 40752 32392 32448 40136 40137 32447     1     1     1     1     0 35044
 32154 39709 39524 32220 32381 40320 40417 32437     1     1     1     1     0 35045
 32381 40320 40417 32437 32380 40313 40501 32426     1     1     1     1     0 35046
 32380 40313 40501 32426 32379 40306 40585 32415     1     1     1     1     0 35047
 32379 40306 40585 32415 32378 40299 40669 32404     1     1     1     1     0 35048
 32378 40299 40669 32404 32377 40292 40753 32393     1     1     1     1     0 35049
 32377 40292 40753 32393 32382 40327 40136 32448     1     1     1     1     0 35050
