 33608 33607 33604 33596 42248 42255 44291 44371     1     1     1     1     0 38453
 33568 33608 33596 33566 42194 42248 44371 44211     1     1     1     1     0 38461
 33596 33604 33603 33595 44371 44291 44292 44372     1     1     1     1     0 38469
 33566 33596 33595 33565 44211 44371 44372 44212     1     1     1     1     0 38477
 33595 33603 33602 33594 44372 44292 44293 44373     1     1     1     1     0 38485
 33565 33595 33594 33564 44212 44372 44373 44213     1     1     1     1     0 38493
 33594 33602 33601 33593 44373 44293 44294 44374     1     1     1     1     0 38501
 33564 33594 33593 33563 44213 44373 44374 44214     1     1     1     1     0 38509
 33593 33601 33600 33592 44374 44294 44295 44375     1     1     1     1     0 38517
 33563 33593 33592 33562 44214 44374 44375 44215     1     1     1     1     0 38525
 33592 33600 33599 33591 44375 44295 44296 44376     1     1     1     1     0 38533
 33562 33592 33591 33561 44215 44375 44376 44216     1     1     1     1     0 38541
 33591 33599 33598 33590 44376 44296 44297 44377     1     1     1     1     0 38549
 33561 33591 33590 33560 44216 44376 44377 44217     1     1     1     1     0 38557
 33590 33598 33597 33589 44377 44297 44298 44378     1     1     1     1     0 38565
 33560 33590 33589 33559 44217 44377 44378 44218     1     1     1     1     0 38573
 33589 33597 33605 33606 44378 44298 44361 44363     1     1     1     1     0 38581
 33559 33589 33606 33567 44218 44378 44363 44281     1     1     1     1     0 38589
 33702 33681 33689 33697 44539 44579 44515 44537     1     1     1     1     0 38597
 33701 33673 33681 33702 44546 44580 44579 44539     1     1     1     1     0 38605
 33700 33665 33673 33701 44553 44581 44580 44546     1     1     1     1     0 38613
 33699 33657 33665 33700 44560 44582 44581 44553     1     1     1     1     0 38621
 33698 33649 33657 33699 44567 44583 44582 44560     1     1     1     1     0 38629
 33605 33597 33649 33698 44361 44298 44583 44567     1     1     1     1     0 38637
 33681 33682 33690 33689 44579 44584 44516 44515     1     1     1     1     0 38645
 33673 33674 33682 33681 44580 44585 44584 44579     1     1     1     1     0 38653
 33665 33666 33674 33673 44581 44586 44585 44580     1     1     1     1     0 38661
 33657 33658 33666 33665 44582 44587 44586 44581     1     1     1     1     0 38669
 33649 33650 33658 33657 44583 44588 44587 44582     1     1     1     1     0 38677
 33597 33598 33650 33649 44298 44297 44588 44583     1     1     1     1     0 38685
 33682 33683 33691 33690 44584 44589 44517 44516     1     1     1     1     0 38693
 33674 33675 33683 33682 44585 44590 44589 44584     1     1     1     1     0 38701
 33666 33667 33675 33674 44586 44591 44590 44585     1     1     1     1     0 38709
 33658 33659 33667 33666 44587 44592 44591 44586     1     1     1     1     0 38717
 33650 33651 33659 33658 44588 44593 44592 44587     1     1     1     1     0 38725
 33598 33599 33651 33650 44297 44296 44593 44588     1     1     1     1     0 38733
 33683 33684 33692 33691 44589 44594 44518 44517     1     1     1     1     0 38741
 33675 33676 33684 33683 44590 44595 44594 44589     1     1     1     1     0 38749
 33667 33668 33676 33675 44591 44596 44595 44590     1     1     1     1     0 38757
 33659 33660 33668 33667 44592 44597 44596 44591     1     1     1     1     0 38765
 33651 33652 33660 33659 44593 44598 44597 44592     1     1     1     1     0 38773
 33599 33600 33652 33651 44296 44295 44598 44593     1     1     1     1     0 38781
 33684 33685 33693 33692 44594 44599 44519 44518     1     1     1     1     0 38789
 33676 33677 33685 33684 44595 44600 44599 44594     1     1     1     1     0 38797
 33668 33669 33677 33676 44596 44601 44600 44595     1     1     1     1     0 38805
 33660 33661 33669 33668 44597 44602 44601 44596     1     1     1     1     0 38813
 33652 33653 33661 33660 44598 44603 44602 44597     1     1     1     1     0 38821
 33600 33601 33653 33652 44295 44294 44603 44598     1     1     1     1     0 38829
 33685 33686 33694 33693 44599 44604 44520 44519     1     1     1     1     0 38837
 33677 33678 33686 33685 44600 44605 44604 44599     1     1     1     1     0 38845
 33669 33670 33678 33677 44601 44606 44605 44600     1     1     1     1     0 38853
 33661 33662 33670 33669 44602 44607 44606 44601     1     1     1     1     0 38861
 33653 33654 33662 33661 44603 44608 44607 44602     1     1     1     1     0 38869
 33601 33602 33654 33653 44294 44293 44608 44603     1     1     1     1     0 38877
 33686 33687 33695 33694 44604 44609 44521 44520     1     1     1     1     0 38885
 33678 33679 33687 33686 44605 44610 44609 44604     1     1     1     1     0 38893
 33670 33671 33679 33678 44606 44611 44610 44605     1     1     1     1     0 38901
 33662 33663 33671 33670 44607 44612 44611 44606     1     1     1     1     0 38909
 33654 33655 33663 33662 44608 44613 44612 44607     1     1     1     1     0 38917
 33602 33603 33655 33654 44293 44292 44613 44608     1     1     1     1     0 38925
 33687 33688 33696 33695 44609 44614 44522 44521     1     1     1     1     0 38933
 33679 33680 33688 33687 44610 44615 44614 44609     1     1     1     1     0 38941
 33671 33672 33680 33679 44611 44616 44615 44610     1     1     1     1     0 38949
 33663 33664 33672 33671 44612 44617 44616 44611     1     1     1     1     0 38957
 33655 33656 33664 33663 44613 44618 44617 44612     1     1     1     1     0 38965
 33603 33604 33656 33655 44292 44291 44618 44613     1     1     1     1     0 38973
 33688 33708 33703 33696 44614 42392 42403 44522     1     1     1     1     0 38981
 33680 33707 33708 33688 44615 42393 42392 44614     1     1     1     1     0 38989
 33672 33706 33707 33680 44616 42394 42393 44615     1     1     1     1     0 38997
 33664 33705 33706 33672 44617 42395 42394 44616     1     1     1     1     0 39005
 33656 33704 33705 33664 44618 42396 42395 44617     1     1     1     1     0 39013
 33604 33607 33704 33656 44291 42255 42396 44618     1     1     1     1     0 39021
 33703 33696 44522 42403 33887 33861 45017 42650     1     1     1     1     0 39071
 33887 33861 45017 42650 33886 33853 45073 42651     1     1     1     1     0 39072
 33886 33853 45073 42651 33885 33845 45129 42652     1     1     1     1     0 39073
 33885 33845 45129 42652 33884 33837 45185 42653     1     1     1     1     0 39074
 33884 33837 45185 42653 33883 33829 45241 42654     1     1     1     1     0 39075
 33883 33829 45241 42654 33888 33876 44908 42691     1     1     1     1     0 39076
 33696 33695 44521 44522 33861 33862 45024 45017     1     1     1     1     0 39119
 33861 33862 45024 45017 33853 33854 45080 45073     1     1     1     1     0 39120
 33853 33854 45080 45073 33845 33846 45136 45129     1     1     1     1     0 39121
 33845 33846 45136 45129 33837 33838 45192 45185     1     1     1     1     0 39122
 33837 33838 45192 45185 33829 33830 45248 45241     1     1     1     1     0 39123
 33829 33830 45248 45241 33876 33875 44901 44908     1     1     1     1     0 39124
 33695 33694 44520 44521 33862 33863 45031 45024     1     1     1     1     0 39167
 33862 33863 45031 45024 33854 33855 45087 45080     1     1     1     1     0 39168
 33854 33855 45087 45080 33846 33847 45143 45136     1     1     1     1     0 39169
 33846 33847 45143 45136 33838 33839 45199 45192     1     1     1     1     0 39170
 33838 33839 45199 45192 33830 33831 45255 45248     1     1     1     1     0 39171
 33830 33831 45255 45248 33875 33874 44894 44901     1     1     1     1     0 39172
 33694 33693 44519 44520 33863 33864 45038 45031     1     1     1     1     0 39215
 33863 33864 45038 45031 33855 33856 45094 45087     1     1     1     1     0 39216
 33855 33856 45094 45087 33847 33848 45150 45143     1     1     1     1     0 39217
 33847 33848 45150 45143 33839 33840 45206 45199     1     1     1     1     0 39218
 33839 33840 45206 45199 33831 33832 45262 45255     1     1     1     1     0 39219
 33831 33832 45262 45255 33874 33873 44887 44894     1     1     1     1     0 39220
 33693 33692 44518 44519 33864 33865 45045 45038     1     1     1     1     0 39263
 33864 33865 45045 45038 33856 33857 45101 45094     1     1     1     1     0 39264
 33856 33857 45101 45094 33848 33849 45157 45150     1     1     1     1     0 39265
 33848 33849 45157 45150 33840 33841 45213 45206     1     1     1     1     0 39266
 33840 33841 45213 45206 33832 33833 45269 45262     1     1     1     1     0 39267
 33832 33833 45269 45262 33873 33872 44880 44887     1     1     1     1     0 39268
 33692 33691 44517 44518 33865 33866 45052 45045     1     1     1     1     0 39311
 33865 33866 45052 45045 33857 33858 45108 45101     1     1     1     1     0 39312
 33857 33858 45108 45101 33849 33850 45164 45157     1     1     1     1     0 39313
 33849 33850 45164 45157 33841 33842 45220 45213     1     1     1     1     0 39314
 33841 33842 45220 45213 33833 33834 45276 45269     1     1     1     1     0 39315
 33833 33834 45276 45269 33872 33871 44873 44880     1     1     1     1     0 39316
 33691 33690 44516 44517 33866 33867 45059 45052     1     1     1     1     0 39359
 33866 33867 45059 45052 33858 33859 45115 45108     1     1     1     1     0 39360
 33858 33859 45115 45108 33850 33851 45171 45164     1     1     1     1     0 39361
 33850 33851 45171 45164 33842 33843 45227 45220     1     1     1     1     0 39362
 33842 33843 45227 45220 33834 33835 45283 45276     1     1     1     1     0 39363
 33834 33835 45283 45276 33871 33870 44866 44873     1     1     1     1     0 39364
 33690 33689 44515 44516 33867 33868 45066 45059     1     1     1     1     0 39407
 33867 33868 45066 45059 33859 33860 45122 45115     1     1     1     1     0 39408
 33859 33860 45122 45115 33851 33852 45178 45171     1     1     1     1     0 39409
 33851 33852 45178 45171 33843 33844 45234 45227     1     1     1     1     0 39410
 33843 33844 45234 45227 33835 33836 45290 45283     1     1     1     1     0 39411
 33835 33836 45290 45283 33870 33869 44859 44866     1     1     1     1     0 39412
 33689 33697 44537 44515 33868 33881 44997 45066     1     1     1     1     0 39455
 33868 33881 44997 45066 33860 33880 44990 45122     1     1     1     1     0 39456
 33860 33880 44990 45122 33852 33879 44983 45178     1     1     1     1     0 39457
 33852 33879 44983 45178 33844 33878 44976 45234     1     1     1     1     0 39458
 33844 33878 44976 45234 33836 33877 44969 45290     1     1     1     1     0 39459
 33836 33877 44969 45290 33869 33882 45010 44859     1     1     1     1     0 39460
