 42153 39305 32025 34427 42262 39420 32065 34438     1     1     1     1     0 36451
 42262 39420 32065 34438 42223 39427 32066 34447     1     1     1     1     0 36452
 42160 42153 34427 34426 42269 42262 34438 34439     1     1     1     1     0 36467
 42269 42262 34438 34439 42216 42223 34447 34446     1     1     1     1     0 36468
 42167 42160 34426 34425 42276 42269 34439 34440     1     1     1     1     0 36483
 42276 42269 34439 34440 42209 42216 34446 34445     1     1     1     1     0 36484
 42174 42167 34425 34424 42283 42276 34440 34441     1     1     1     1     0 36499
 42283 42276 34440 34441 42202 42209 34445 34444     1     1     1     1     0 36500
 42181 42174 34424 34423 42290 42283 34441 34442     1     1     1     1     0 36515
 42290 42283 34441 34442 42195 42202 34444 34443     1     1     1     1     0 36516
 42194 42181 34423 33568 42248 42290 34442 33608     1     1     1     1     0 36531
 42248 42290 34442 33608 42255 42195 34443 33607     1     1     1     1     0 36532
 42195 34443 33607 42255 42404 34492 33704 42396     1     1     1     1     0 36533
 42404 34492 33704 42396 42439 34487 33705 42395     1     1     1     1     0 36534
 42439 34487 33705 42395 42474 34482 33706 42394     1     1     1     1     0 36535
 42474 34482 33706 42394 42509 34477 33707 42393     1     1     1     1     0 36536
 42509 34477 33707 42393 42544 34472 33708 42392     1     1     1     1     0 36537
 42544 34472 33708 42392 42325 34493 33703 42403     1     1     1     1     0 36538
 42202 34444 34443 42195 42411 34491 34492 42404     1     1     1     1     0 36581
 42411 34491 34492 42404 42446 34486 34487 42439     1     1     1     1     0 36582
 42446 34486 34487 42439 42481 34481 34482 42474     1     1     1     1     0 36583
 42481 34481 34482 42474 42516 34476 34477 42509     1     1     1     1     0 36584
 42516 34476 34477 42509 42551 34471 34472 42544     1     1     1     1     0 36585
 42551 34471 34472 42544 42318 34494 34493 42325     1     1     1     1     0 36586
 42209 34445 34444 42202 42418 34490 34491 42411     1     1     1     1     0 36629
 42418 34490 34491 42411 42453 34485 34486 42446     1     1     1     1     0 36630
 42453 34485 34486 42446 42488 34480 34481 42481     1     1     1     1     0 36631
 42488 34480 34481 42481 42523 34475 34476 42516     1     1     1     1     0 36632
 42523 34475 34476 42516 42558 34470 34471 42551     1     1     1     1     0 36633
 42558 34470 34471 42551 42311 34495 34494 42318     1     1     1     1     0 36634
 42216 34446 34445 42209 42425 34489 34490 42418     1     1     1     1     0 36677
 42425 34489 34490 42418 42460 34484 34485 42453     1     1     1     1     0 36678
 42460 34484 34485 42453 42495 34479 34480 42488     1     1     1     1     0 36679
 42495 34479 34480 42488 42530 34474 34475 42523     1     1     1     1     0 36680
 42530 34474 34475 42523 42565 34469 34470 42558     1     1     1     1     0 36681
 42565 34469 34470 42558 42304 34496 34495 42311     1     1     1     1     0 36682
 42223 34447 34446 42216 42432 34488 34489 42425     1     1     1     1     0 36725
 42432 34488 34489 42425 42467 34483 34484 42460     1     1     1     1     0 36726
 42467 34483 34484 42460 42502 34478 34479 42495     1     1     1     1     0 36727
 42502 34478 34479 42495 42537 34473 34474 42530     1     1     1     1     0 36728
 42537 34473 34474 42530 42572 34468 34469 42565     1     1     1     1     0 36729
 42572 34468 34469 42565 42297 34497 34496 42304     1     1     1     1     0 36730
 39427 32066 34447 42223 39702 32153 34488 42432     1     1     1     1     0 36773
 39702 32153 34488 42432 39695 32152 34483 42467     1     1     1     1     0 36774
 39695 32152 34483 42467 39688 32151 34478 42502     1     1     1     1     0 36775
 39688 32151 34478 42502 39681 32150 34473 42537     1     1     1     1     0 36776
 39681 32150 34473 42537 39674 32149 34468 42572     1     1     1     1     0 36777
 39674 32149 34468 42572 39709 32154 34497 42297     1     1     1     1     0 36778
 32154 34497 42297 39709 32381 34578 42698 40320     1     1     1     1     0 36863
 32381 34578 42698 40320 32380 34573 42733 40313     1     1     1     1     0 36864
 32380 34573 42733 40313 32379 34568 42768 40306     1     1     1     1     0 36865
 32379 34568 42768 40306 32378 34563 42803 40299     1     1     1     1     0 36866
 32378 34563 42803 40299 32377 34558 42838 40292     1     1     1     1     0 36867
 32377 34558 42838 40292 32382 34587 42607 40327     1     1     1     1     0 36868
 34497 34496 42304 42297 34578 34579 42705 42698     1     1     1     1     0 36911
 34578 34579 42705 42698 34573 34574 42740 42733     1     1     1     1     0 36912
 34573 34574 42740 42733 34568 34569 42775 42768     1     1     1     1     0 36913
 34568 34569 42775 42768 34563 34564 42810 42803     1     1     1     1     0 36914
 34563 34564 42810 42803 34558 34559 42845 42838     1     1     1     1     0 36915
 34558 34559 42845 42838 34587 34586 42600 42607     1     1     1     1     0 36916
 34496 34495 42311 42304 34579 34580 42712 42705     1     1     1     1     0 36959
 34579 34580 42712 42705 34574 34575 42747 42740     1     1     1     1     0 36960
 34574 34575 42747 42740 34569 34570 42782 42775     1     1     1     1     0 36961
 34569 34570 42782 42775 34564 34565 42817 42810     1     1     1     1     0 36962
 34564 34565 42817 42810 34559 34560 42852 42845     1     1     1     1     0 36963
 34559 34560 42852 42845 34586 34585 42593 42600     1     1     1     1     0 36964
 34495 34494 42318 42311 34580 34581 42719 42712     1     1     1     1     0 37007
 34580 34581 42719 42712 34575 34576 42754 42747     1     1     1     1     0 37008
 34575 34576 42754 42747 34570 34571 42789 42782     1     1     1     1     0 37009
 34570 34571 42789 42782 34565 34566 42824 42817     1     1     1     1     0 37010
 34565 34566 42824 42817 34560 34561 42859 42852     1     1     1     1     0 37011
 34560 34561 42859 42852 34585 34584 42586 42593     1     1     1     1     0 37012
 34494 34493 42325 42318 34581 34582 42726 42719     1     1     1     1     0 37055
 34581 34582 42726 42719 34576 34577 42761 42754     1     1     1     1     0 37056
 34576 34577 42761 42754 34571 34572 42796 42789     1     1     1     1     0 37057
 34571 34572 42796 42789 34566 34567 42831 42824     1     1     1     1     0 37058
 34566 34567 42831 42824 34561 34562 42866 42859     1     1     1     1     0 37059
 34561 34562 42866 42859 34584 34583 42579 42586     1     1     1     1     0 37060
 34493 33703 42403 42325 34582 33887 42650 42726     1     1     1     1     0 37103
 34582 33887 42650 42726 34577 33886 42651 42761     1     1     1     1     0 37104
 34577 33886 42651 42761 34572 33885 42652 42796     1     1     1     1     0 37105
 34572 33885 42652 42796 34567 33884 42653 42831     1     1     1     1     0 37106
 34567 33884 42653 42831 34562 33883 42654 42866     1     1     1     1     0 37107
 34562 33883 42654 42866 34583 33888 42691 42579     1     1     1     1     0 37108
