  2879  2884  4031  4053  2919  2920  4349  4419     1     1     1     1     0  3520
  2919  2920  4349  4419  2918  2921  4350  4420     1     1     1     1     0  3521
  2918  2921  4350  4420  2917  2922  4351  4421     1     1     1     1     0  3522
  2917  2922  4351  4421  2916  2923  4352  4422     1     1     1     1     0  3523
  2916  2923  4352  4422  2915  2924  4353  4423     1     1     1     1     0  3524
  2915  2924  4353  4423  2914  2925  4354  4424     1     1     1     1     0  3525
  2914  2925  4354  4424  2913  2926  4355  4425     1     1     1     1     0  3526
  2913  2926  4355  4425  2855  2860  4216  4221     1     1     1     1     0  3527
  4053  4031  4030  4058  4419  4349  4342  4454     1     1     1     1     0  3528
  4419  4349  4342  4454  4420  4350  4343  4455     1     1     1     1     0  3529
  4420  4350  4343  4455  4421  4351  4344  4456     1     1     1     1     0  3530
  4421  4351  4344  4456  4422  4352  4345  4457     1     1     1     1     0  3531
  4422  4352  4345  4457  4423  4353  4346  4458     1     1     1     1     0  3532
  4423  4353  4346  4458  4424  4354  4347  4459     1     1     1     1     0  3533
  4424  4354  4347  4459  4425  4355  4348  4460     1     1     1     1     0  3534
  4425  4355  4348  4460  4221  4216  4215  4226     1     1     1     1     0  3535
  4058  4030  4029  4063  4454  4342  4335  4489     1     1     1     1     0  3536
  4454  4342  4335  4489  4455  4343  4336  4490     1     1     1     1     0  3537
  4455  4343  4336  4490  4456  4344  4337  4491     1     1     1     1     0  3538
  4456  4344  4337  4491  4457  4345  4338  4492     1     1     1     1     0  3539
  4457  4345  4338  4492  4458  4346  4339  4493     1     1     1     1     0  3540
  4458  4346  4339  4493  4459  4347  4340  4494     1     1     1     1     0  3541
  4459  4347  4340  4494  4460  4348  4341  4495     1     1     1     1     0  3542
  4460  4348  4341  4495  4226  4215  4214  4231     1     1     1     1     0  3543
  4063  4029  4028  4068  4489  4335  4328  4524     1     1     1     1     0  3544
  4489  4335  4328  4524  4490  4336  4329  4525     1     1     1     1     0  3545
  4490  4336  4329  4525  4491  4337  4330  4526     1     1     1     1     0  3546
  4491  4337  4330  4526  4492  4338  4331  4527     1     1     1     1     0  3547
  4492  4338  4331  4527  4493  4339  4332  4528     1     1     1     1     0  3548
  4493  4339  4332  4528  4494  4340  4333  4529     1     1     1     1     0  3549
  4494  4340  4333  4529  4495  4341  4334  4530     1     1     1     1     0  3550
  4495  4341  4334  4530  4231  4214  4213  4236     1     1     1     1     0  3551
  4068  4028  4027  4073  4524  4328  4321  4559     1     1     1     1     0  3552
  4524  4328  4321  4559  4525  4329  4322  4560     1     1     1     1     0  3553
  4525  4329  4322  4560  4526  4330  4323  4561     1     1     1     1     0  3554
  4526  4330  4323  4561  4527  4331  4324  4562     1     1     1     1     0  3555
  4527  4331  4324  4562  4528  4332  4325  4563     1     1     1     1     0  3556
  4528  4332  4325  4563  4529  4333  4326  4564     1     1     1     1     0  3557
  4529  4333  4326  4564  4530  4334  4327  4565     1     1     1     1     0  3558
  4530  4334  4327  4565  4236  4213  4212  4241     1     1     1     1     0  3559
  4073  4027  4026  4078  4559  4321  4314  4594     1     1     1     1     0  3560
  4559  4321  4314  4594  4560  4322  4315  4595     1     1     1     1     0  3561
  4560  4322  4315  4595  4561  4323  4316  4596     1     1     1     1     0  3562
  4561  4323  4316  4596  4562  4324  4317  4597     1     1     1     1     0  3563
  4562  4324  4317  4597  4563  4325  4318  4598     1     1     1     1     0  3564
  4563  4325  4318  4598  4564  4326  4319  4599     1     1     1     1     0  3565
  4564  4326  4319  4599  4565  4327  4320  4600     1     1     1     1     0  3566
  4565  4327  4320  4600  4241  4212  4211  4246     1     1     1     1     0  3567
  4078  4026  4025  4083  4594  4314  4307  4629     1     1     1     1     0  3568
  4594  4314  4307  4629  4595  4315  4308  4630     1     1     1     1     0  3569
  4595  4315  4308  4630  4596  4316  4309  4631     1     1     1     1     0  3570
  4596  4316  4309  4631  4597  4317  4310  4632     1     1     1     1     0  3571
  4597  4317  4310  4632  4598  4318  4311  4633     1     1     1     1     0  3572
  4598  4318  4311  4633  4599  4319  4312  4634     1     1     1     1     0  3573
  4599  4319  4312  4634  4600  4320  4313  4635     1     1     1     1     0  3574
  4600  4320  4313  4635  4246  4211  4210  4251     1     1     1     1     0  3575
  4083  4025  4024  4088  4629  4307  4300  4664     1     1     1     1     0  3576
  4629  4307  4300  4664  4630  4308  4301  4665     1     1     1     1     0  3577
  4630  4308  4301  4665  4631  4309  4302  4666     1     1     1     1     0  3578
  4631  4309  4302  4666  4632  4310  4303  4667     1     1     1     1     0  3579
  4632  4310  4303  4667  4633  4311  4304  4668     1     1     1     1     0  3580
  4633  4311  4304  4668  4634  4312  4305  4669     1     1     1     1     0  3581
  4634  4312  4305  4669  4635  4313  4306  4670     1     1     1     1     0  3582
  4635  4313  4306  4670  4251  4210  4209  4256     1     1     1     1     0  3583
  4088  4024  4023  4093  4664  4300  4293  4699     1     1     1     1     0  3584
  4664  4300  4293  4699  4665  4301  4294  4700     1     1     1     1     0  3585
  4665  4301  4294  4700  4666  4302  4295  4701     1     1     1     1     0  3586
  4666  4302  4295  4701  4667  4303  4296  4702     1     1     1     1     0  3587
  4667  4303  4296  4702  4668  4304  4297  4703     1     1     1     1     0  3588
  4668  4304  4297  4703  4669  4305  4298  4704     1     1     1     1     0  3589
  4669  4305  4298  4704  4670  4306  4299  4705     1     1     1     1     0  3590
  4670  4306  4299  4705  4256  4209  4208  4261     1     1     1     1     0  3591
  4093  4023  4022  4098  4699  4293  4286  4734     1     1     1     1     0  3592
  4699  4293  4286  4734  4700  4294  4287  4735     1     1     1     1     0  3593
  4700  4294  4287  4735  4701  4295  4288  4736     1     1     1     1     0  3594
  4701  4295  4288  4736  4702  4296  4289  4737     1     1     1     1     0  3595
  4702  4296  4289  4737  4703  4297  4290  4738     1     1     1     1     0  3596
  4703  4297  4290  4738  4704  4298  4291  4739     1     1     1     1     0  3597
  4704  4298  4291  4739  4705  4299  4292  4740     1     1     1     1     0  3598
  4705  4299  4292  4740  4261  4208  4207  4266     1     1     1     1     0  3599
  4098  4022  4021  4103  4734  4286  4279  4769     1     1     1     1     0  3600
  4734  4286  4279  4769  4735  4287  4280  4770     1     1     1     1     0  3601
  4735  4287  4280  4770  4736  4288  4281  4771     1     1     1     1     0  3602
  4736  4288  4281  4771  4737  4289  4282  4772     1     1     1     1     0  3603
  4737  4289  4282  4772  4738  4290  4283  4773     1     1     1     1     0  3604
  4738  4290  4283  4773  4739  4291  4284  4774     1     1     1     1     0  3605
  4739  4291  4284  4774  4740  4292  4285  4775     1     1     1     1     0  3606
  4740  4292  4285  4775  4266  4207  4206  4271     1     1     1     1     0  3607
  4103  4021  4020  4044  4769  4279  4272  4356     1     1     1     1     0  3608
  4769  4279  4272  4356  4770  4280  4273  4357     1     1     1     1     0  3609
  4770  4280  4273  4357  4771  4281  4274  4358     1     1     1     1     0  3610
  4771  4281  4274  4358  4772  4282  4275  4359     1     1     1     1     0  3611
  4772  4282  4275  4359  4773  4283  4276  4360     1     1     1     1     0  3612
  4773  4283  4276  4360  4774  4284  4277  4361     1     1     1     1     0  3613
  4774  4284  4277  4361  4775  4285  4278  4362     1     1     1     1     0  3614
  4775  4285  4278  4362  4271  4206  4200  4205     1     1     1     1     0  3615
  4044  4020  6316  6321  4356  4272  7045  7115     1     1     1     1     0  5920
  4356  4272  7045  7115  4357  4273  7046  7116     1     1     1     1     0  5921
  4357  4273  7046  7116  4358  4274  7047  7117     1     1     1     1     0  5922
  4358  4274  7047  7117  4359  4275  7048  7118     1     1     1     1     0  5923
  4359  4275  7048  7118  4360  4276  7049  7119     1     1     1     1     0  5924
  4360  4276  7049  7119  4361  4277  7050  7120     1     1     1     1     0  5925
  4361  4277  7050  7120  4362  4278  7051  7121     1     1     1     1     0  5926
  4362  4278  7051  7121  4205  4200  6936  6941     1     1     1     1     0  5927
  6321  6316  6315  6326  7115  7045  7038  7150     1     1     1     1     0  5928
  7115  7045  7038  7150  7116  7046  7039  7151     1     1     1     1     0  5929
  7116  7046  7039  7151  7117  7047  7040  7152     1     1     1     1     0  5930
  7117  7047  7040  7152  7118  7048  7041  7153     1     1     1     1     0  5931
  7118  7048  7041  7153  7119  7049  7042  7154     1     1     1     1     0  5932
  7119  7049  7042  7154  7120  7050  7043  7155     1     1     1     1     0  5933
  7120  7050  7043  7155  7121  7051  7044  7156     1     1     1     1     0  5934
  7121  7051  7044  7156  6941  6936  6935  6946     1     1     1     1     0  5935
  6326  6315  6314  6331  7150  7038  7031  7185     1     1     1     1     0  5936
  7150  7038  7031  7185  7151  7039  7032  7186     1     1     1     1     0  5937
  7151  7039  7032  7186  7152  7040  7033  7187     1     1     1     1     0  5938
  7152  7040  7033  7187  7153  7041  7034  7188     1     1     1     1     0  5939
  7153  7041  7034  7188  7154  7042  7035  7189     1     1     1     1     0  5940
  7154  7042  7035  7189  7155  7043  7036  7190     1     1     1     1     0  5941
  7155  7043  7036  7190  7156  7044  7037  7191     1     1     1     1     0  5942
  7156  7044  7037  7191  6946  6935  6934  6951     1     1     1     1     0  5943
  6331  6314  6313  6336  7185  7031  7024  7220     1     1     1     1     0  5944
  7185  7031  7024  7220  7186  7032  7025  7221     1     1     1     1     0  5945
  7186  7032  7025  7221  7187  7033  7026  7222     1     1     1     1     0  5946
  7187  7033  7026  7222  7188  7034  7027  7223     1     1     1     1     0  5947
  7188  7034  7027  7223  7189  7035  7028  7224     1     1     1     1     0  5948
  7189  7035  7028  7224  7190  7036  7029  7225     1     1     1     1     0  5949
  7190  7036  7029  7225  7191  7037  7030  7226     1     1     1     1     0  5950
  7191  7037  7030  7226  6951  6934  6933  6956     1     1     1     1     0  5951
  6336  6313  6312  6341  7220  7024  7017  7255     1     1     1     1     0  5952
  7220  7024  7017  7255  7221  7025  7018  7256     1     1     1     1     0  5953
  7221  7025  7018  7256  7222  7026  7019  7257     1     1     1     1     0  5954
  7222  7026  7019  7257  7223  7027  7020  7258     1     1     1     1     0  5955
  7223  7027  7020  7258  7224  7028  7021  7259     1     1     1     1     0  5956
  7224  7028  7021  7259  7225  7029  7022  7260     1     1     1     1     0  5957
  7225  7029  7022  7260  7226  7030  7023  7261     1     1     1     1     0  5958
  7226  7030  7023  7261  6956  6933  6932  6961     1     1     1     1     0  5959
  6341  6312  6311  6346  7255  7017  7010  7290     1     1     1     1     0  5960
  7255  7017  7010  7290  7256  7018  7011  7291     1     1     1     1     0  5961
  7256  7018  7011  7291  7257  7019  7012  7292     1     1     1     1     0  5962
  7257  7019  7012  7292  7258  7020  7013  7293     1     1     1     1     0  5963
  7258  7020  7013  7293  7259  7021  7014  7294     1     1     1     1     0  5964
  7259  7021  7014  7294  7260  7022  7015  7295     1     1     1     1     0  5965
  7260  7022  7015  7295  7261  7023  7016  7296     1     1     1     1     0  5966
  7261  7023  7016  7296  6961  6932  6931  6966     1     1     1     1     0  5967
  6346  6311  6310  6351  7290  7010  7003  7325     1     1     1     1     0  5968
  7290  7010  7003  7325  7291  7011  7004  7326     1     1     1     1     0  5969
  7291  7011  7004  7326  7292  7012  7005  7327     1     1     1     1     0  5970
  7292  7012  7005  7327  7293  7013  7006  7328     1     1     1     1     0  5971
  7293  7013  7006  7328  7294  7014  7007  7329     1     1     1     1     0  5972
  7294  7014  7007  7329  7295  7015  7008  7330     1     1     1     1     0  5973
  7295  7015  7008  7330  7296  7016  7009  7331     1     1     1     1     0  5974
  7296  7016  7009  7331  6966  6931  6930  6971     1     1     1     1     0  5975
  6351  6310  6309  6356  7325  7003  6996  7360     1     1     1     1     0  5976
  7325  7003  6996  7360  7326  7004  6997  7361     1     1     1     1     0  5977
  7326  7004  6997  7361  7327  7005  6998  7362     1     1     1     1     0  5978
  7327  7005  6998  7362  7328  7006  6999  7363     1     1     1     1     0  5979
  7328  7006  6999  7363  7329  7007  7000  7364     1     1     1     1     0  5980
  7329  7007  7000  7364  7330  7008  7001  7365     1     1     1     1     0  5981
  7330  7008  7001  7365  7331  7009  7002  7366     1     1     1     1     0  5982
  7331  7009  7002  7366  6971  6930  6929  6976     1     1     1     1     0  5983
  6356  6309  6308  6361  7360  6996  6989  7395     1     1     1     1     0  5984
  7360  6996  6989  7395  7361  6997  6990  7396     1     1     1     1     0  5985
  7361  6997  6990  7396  7362  6998  6991  7397     1     1     1     1     0  5986
  7362  6998  6991  7397  7363  6999  6992  7398     1     1     1     1     0  5987
  7363  6999  6992  7398  7364  7000  6993  7399     1     1     1     1     0  5988
  7364  7000  6993  7399  7365  7001  6994  7400     1     1     1     1     0  5989
  7365  7001  6994  7400  7366  7002  6995  7401     1     1     1     1     0  5990
  7366  7002  6995  7401  6976  6929  6928  6981     1     1     1     1     0  5991
  6361  6308  6302  6303  7395  6989  6982  7052     1     1     1     1     0  5992
  7395  6989  6982  7052  7396  6990  6983  7053     1     1     1     1     0  5993
  7396  6990  6983  7053  7397  6991  6984  7054     1     1     1     1     0  5994
  7397  6991  6984  7054  7398  6992  6985  7055     1     1     1     1     0  5995
  7398  6992  6985  7055  7399  6993  6986  7056     1     1     1     1     0  5996
  7399  6993  6986  7056  7400  6994  6987  7057     1     1     1     1     0  5997
  7400  6994  6987  7057  7401  6995  6988  7058     1     1     1     1     0  5998
  7401  6995  6988  7058  6981  6928  6922  6927     1     1     1     1     0  5999
  6303  6302 13838 13843  7052  6982 14487 14557     1     1     1     1     0 11646
  7052  6982 14487 14557  7053  6983 14488 14558     1     1     1     1     0 11647
  7053  6983 14488 14558  7054  6984 14489 14559     1     1     1     1     0 11648
  7054  6984 14489 14559  7055  6985 14490 14560     1     1     1     1     0 11649
  7055  6985 14490 14560  7056  6986 14491 14561     1     1     1     1     0 11650
  7056  6986 14491 14561  7057  6987 14492 14562     1     1     1     1     0 11651
  7057  6987 14492 14562  7058  6988 14493 14563     1     1     1     1     0 11652
  7058  6988 14493 14563  6927  6922 14378 14383     1     1     1     1     0 11653
 13843 13838 13837 13848 14557 14487 14480 14592     1     1     1     1     0 11654
 14557 14487 14480 14592 14558 14488 14481 14593     1     1     1     1     0 11655
 14558 14488 14481 14593 14559 14489 14482 14594     1     1     1     1     0 11656
 14559 14489 14482 14594 14560 14490 14483 14595     1     1     1     1     0 11657
 14560 14490 14483 14595 14561 14491 14484 14596     1     1     1     1     0 11658
 14561 14491 14484 14596 14562 14492 14485 14597     1     1     1     1     0 11659
 14562 14492 14485 14597 14563 14493 14486 14598     1     1     1     1     0 11660
 14563 14493 14486 14598 14383 14378 14377 14388     1     1     1     1     0 11661
 13848 13837 13836 13853 14592 14480 14473 14627     1     1     1     1     0 11662
 14592 14480 14473 14627 14593 14481 14474 14628     1     1     1     1     0 11663
 14593 14481 14474 14628 14594 14482 14475 14629     1     1     1     1     0 11664
 14594 14482 14475 14629 14595 14483 14476 14630     1     1     1     1     0 11665
 14595 14483 14476 14630 14596 14484 14477 14631     1     1     1     1     0 11666
 14596 14484 14477 14631 14597 14485 14478 14632     1     1     1     1     0 11667
 14597 14485 14478 14632 14598 14486 14479 14633     1     1     1     1     0 11668
 14598 14486 14479 14633 14388 14377 14376 14393     1     1     1     1     0 11669
 13853 13836 13835 13858 14627 14473 14466 14662     1     1     1     1     0 11670
 14627 14473 14466 14662 14628 14474 14467 14663     1     1     1     1     0 11671
 14628 14474 14467 14663 14629 14475 14468 14664     1     1     1     1     0 11672
 14629 14475 14468 14664 14630 14476 14469 14665     1     1     1     1     0 11673
 14630 14476 14469 14665 14631 14477 14470 14666     1     1     1     1     0 11674
 14631 14477 14470 14666 14632 14478 14471 14667     1     1     1     1     0 11675
 14632 14478 14471 14667 14633 14479 14472 14668     1     1     1     1     0 11676
 14633 14479 14472 14668 14393 14376 14375 14398     1     1     1     1     0 11677
 13858 13835 13834 13863 14662 14466 14459 14697     1     1     1     1     0 11678
 14662 14466 14459 14697 14663 14467 14460 14698     1     1     1     1     0 11679
 14663 14467 14460 14698 14664 14468 14461 14699     1     1     1     1     0 11680
 14664 14468 14461 14699 14665 14469 14462 14700     1     1     1     1     0 11681
 14665 14469 14462 14700 14666 14470 14463 14701     1     1     1     1     0 11682
 14666 14470 14463 14701 14667 14471 14464 14702     1     1     1     1     0 11683
 14667 14471 14464 14702 14668 14472 14465 14703     1     1     1     1     0 11684
 14668 14472 14465 14703 14398 14375 14374 14403     1     1     1     1     0 11685
 13863 13834 13833 13868 14697 14459 14452 14732     1     1     1     1     0 11686
 14697 14459 14452 14732 14698 14460 14453 14733     1     1     1     1     0 11687
 14698 14460 14453 14733 14699 14461 14454 14734     1     1     1     1     0 11688
 14699 14461 14454 14734 14700 14462 14455 14735     1     1     1     1     0 11689
 14700 14462 14455 14735 14701 14463 14456 14736     1     1     1     1     0 11690
 14701 14463 14456 14736 14702 14464 14457 14737     1     1     1     1     0 11691
 14702 14464 14457 14737 14703 14465 14458 14738     1     1     1     1     0 11692
 14703 14465 14458 14738 14403 14374 14373 14408     1     1     1     1     0 11693
 13868 13833 13832 13873 14732 14452 14445 14767     1     1     1     1     0 11694
 14732 14452 14445 14767 14733 14453 14446 14768     1     1     1     1     0 11695
 14733 14453 14446 14768 14734 14454 14447 14769     1     1     1     1     0 11696
 14734 14454 14447 14769 14735 14455 14448 14770     1     1     1     1     0 11697
 14735 14455 14448 14770 14736 14456 14449 14771     1     1     1     1     0 11698
 14736 14456 14449 14771 14737 14457 14450 14772     1     1     1     1     0 11699
 14737 14457 14450 14772 14738 14458 14451 14773     1     1     1     1     0 11700
 14738 14458 14451 14773 14408 14373 14372 14413     1     1     1     1     0 11701
 13873 13832 13831 13878 14767 14445 14438 14802     1     1     1     1     0 11702
 14767 14445 14438 14802 14768 14446 14439 14803     1     1     1     1     0 11703
 14768 14446 14439 14803 14769 14447 14440 14804     1     1     1     1     0 11704
 14769 14447 14440 14804 14770 14448 14441 14805     1     1     1     1     0 11705
 14770 14448 14441 14805 14771 14449 14442 14806     1     1     1     1     0 11706
 14771 14449 14442 14806 14772 14450 14443 14807     1     1     1     1     0 11707
 14772 14450 14443 14807 14773 14451 14444 14808     1     1     1     1     0 11708
 14773 14451 14444 14808 14413 14372 14371 14418     1     1     1     1     0 11709
 13878 13831 13830 13883 14802 14438 14431 14837     1     1     1     1     0 11710
 14802 14438 14431 14837 14803 14439 14432 14838     1     1     1     1     0 11711
 14803 14439 14432 14838 14804 14440 14433 14839     1     1     1     1     0 11712
 14804 14440 14433 14839 14805 14441 14434 14840     1     1     1     1     0 11713
 14805 14441 14434 14840 14806 14442 14435 14841     1     1     1     1     0 11714
 14806 14442 14435 14841 14807 14443 14436 14842     1     1     1     1     0 11715
 14807 14443 14436 14842 14808 14444 14437 14843     1     1     1     1     0 11716
 14808 14444 14437 14843 14418 14371 14370 14423     1     1     1     1     0 11717
 13883 13830 13824 13829 14837 14431 14424 14522     1     1     1     1     0 11718
 14837 14431 14424 14522 14838 14432 14425 14523     1     1     1     1     0 11719
 14838 14432 14425 14523 14839 14433 14426 14524     1     1     1     1     0 11720
 14839 14433 14426 14524 14840 14434 14427 14525     1     1     1     1     0 11721
 14840 14434 14427 14525 14841 14435 14428 14526     1     1     1     1     0 11722
 14841 14435 14428 14526 14842 14436 14429 14527     1     1     1     1     0 11723
 14842 14436 14429 14527 14843 14437 14430 14528     1     1     1     1     0 11724
 14843 14437 14430 14528 14423 14370 14364 14369     1     1     1     1     0 11725
